Time Val
0.25 8.75030329029
0.4166666666666667 8.74944658477
0.5833333333333334 8.74929748145
2.0833333333333335 8.8039097265
3.5833333333333335 8.81471086861
5.083333333333333 8.81704908423
6.583333333333333 8.81767461838
8.083333333333334 8.81793518761
9.583333333333334 8.81810326491
11.083333333333334 8.64272748487
12.583333333333334 8.55388354875
14.083333333333334 8.55828037415
15.583333333333334 8.53913274152
17.083333333333332 8.55817967489
18.583333333333332 8.54225532248
20.083333333333332 8.56178771499
21.583333333333332 8.54614975517
23.083333333333332 8.56555210093
24.583333333333332 8.55007488898
26.083333333333332 8.56932462656
27.583333333333332 8.55400472265
29.083333333333332 8.57310475198
30.583333333333332 8.55794363368
32.083333333333336 8.57689763583
33.583333333333336 8.56189664784
35.083333333333336 8.58070805316
36.583333333333336 8.56586823583
38.083333333333336 8.58454021569
39.583333333333336 8.56986233945
41.083333333333336 8.58839783767
42.583333333333336 8.57388244076
44.083333333333336 8.59228420261
45.583333333333336 8.57793162409
47.083333333333336 8.59620222163
48.583333333333336 8.58201263001
50.083333333333336 8.600154484
51.583333333333336 8.586127902
53.083333333333336 8.60414330106
54.583333333333336 8.59027962701
56.083333333333336 8.60817074417
57.583333333333336 8.59446977059
59.083333333333336 8.61223867767
60.583333333333336 8.59870010728
62.083333333333336 8.61634878744
63.583333333333336 8.602972247
65.08333333333333 8.62050260558
66.58333333333333 8.60728765795
68.08333333333333 8.62470153191
69.58333333333333 8.61164768634
71.08333333333333 8.62894685247
72.58333333333333 8.61605357361
74.08333333333333 8.63148740484
75.58333333333333 8.59326163758
77.08333333333333 8.65127653802
78.58333333333333 8.60021085895
80.08333333333333 8.59159838605
81.58333333333333 8.68415781745
83.08333333333333 8.61158660317
84.58333333333333 8.59828964451
86.08333333333333 8.68964454529
87.58333333333333 8.61815573511
89.08333333333333 8.6041478602
90.58333333333333 8.69504910744
92.08333333333333 8.62477166055
93.58333333333333 8.61009860759
95.08333333333333 8.70054427514
96.58333333333333 8.63147154389
98.08333333333333 8.61615056919
99.58333333333333 8.70194283243
101.08333333333333 8.64709361391
102.58333333333333 8.66386471894
104.08333333333333 8.66605243166
105.58333333333333 8.64611714303
107.08333333333333 8.64188554843
108.58333333333333 8.67656861942
110.08333333333333 8.68236833757
111.58333333333333 8.65359920378
113.08333333333333 8.64917678685
114.58333333333333 8.68368881283
116.08333333333333 8.68998660872
117.58333333333333 8.66147590286
119.08333333333333 8.65666323375
120.58333333333333 8.6909588789
122.08333333333333 8.69774177876
123.58333333333333 8.66949569852
125.08333333333333 8.66429941463
126.58333333333333 8.6983727252
128.08333333333334 8.7056349267
129.58333333333334 8.67766091995
131.08333333333334 8.67208803614
132.58333333333334 8.70593322836
134.08333333333334 8.7136688087
135.58333333333334 8.68597416785
137.08333333333334 8.6800318028
138.58333333333334 8.7136432185
140.08333333333334 8.72184613386
141.58333333333334 8.69443799932
143.08333333333334 8.68813337881
144.58333333333334 8.72150549271
146.08333333333334 8.73016958589
147.58333333333334 8.70305494967
149.08333333333334 8.69639540866
150.58333333333334 8.72952283451
152.08333333333334 8.7386418414
153.58333333333334 8.71182754919
155.08333333333334 8.70482053263
156.58333333333334 8.73769802842
158.08333333333334 8.74726558355
159.58333333333334 8.72075833589
161.08333333333334 8.71341139861
162.58333333333334 8.74603387114
164.08333333333334 8.75604351251
165.58333333333334 8.72984986515
167.08333333333334 8.72217067099
168.58333333333334 8.75453317985
170.08333333333334 8.76497835337
171.58333333333334 8.73910471703
173.08333333333334 8.73110103753
174.58333333333334 8.76319879863
176.08333333333334 8.77407286213
177.58333333333334 8.74852550197
179.08333333333334 8.74020521451
180.58333333333334 8.77203360335
182.08333333333334 8.78332983041
183.58333333333334 8.75811486511
185.08333333333334 8.74948595075
186.58333333333334 8.781002015
188.08333333333334 8.6945214938
189.58333333333334 8.79605234295
191.08333333333334 8.73130683862
192.58333333333334 8.80775388669
194.08333333333334 8.82143389755
195.58333333333334 8.73676061468
197.08333333333334 8.72618889169
198.58333333333334 8.72205596939
200.08333333333334 8.72439051208
201.58333333333334 8.84917041766
203.08333333333334 8.87366737829
204.58333333333334 8.75858571935
206.08333333333334 8.74036208382
207.58333333333334 8.73139794584
209.08333333333334 8.73430781007
210.58333333333334 8.8589075196
212.08333333333334 8.88560312939
213.58333333333334 8.77190094047
215.08333333333334 8.75180843481
216.58333333333334 8.74211032327
218.08333333333334 8.74468385042
219.58333333333334 8.86891418005
221.08333333333334 8.89466648085
222.58333333333334 8.78219613482
224.08333333333334 8.7865928264
225.58333333333334 8.79138762579
227.08333333333334 8.78724196806
228.58333333333334 8.79042942981
230.08333333333334 8.89589465413
231.58333333333334 8.80954272073
233.08333333333334 8.79411938621
234.58333333333334 8.79728943304
236.08333333333334 8.82710455235
237.58333333333334 8.8375907292
239.08333333333334 8.8346728726
240.58333333333334 8.83815414318
242.08333333333334 8.80845128279
243.58333333333334 8.80078394048
245.08333333333334 8.80080434663
246.58333333333334 8.80912737577
248.08333333333334 8.842948181
249.58333333333334 8.85529937427
251.08333333333334 8.8525261153
252.58333333333334 8.85639152639
254.08333333333334 8.81921135261
255.58333333333334 8.81270390985
257.0833333333333 8.81281981339
258.5833333333333 8.82113636283
260.0833333333333 8.85500860822
261.5833333333333 8.86801785633
263.0833333333333 8.86566024923
264.5833333333333 8.86955210479
266.0833333333333 8.83260355307
267.5833333333333 8.82540389854
269.0833333333333 8.82523328615
270.5833333333333 8.83346163442
272.0833333333333 8.86736490609
273.5833333333333 8.88102604646
275.0833333333333 8.87909632136
276.5833333333333 8.88302647894
278.0833333333333 8.84631494795
279.5833333333333 8.83843215356
281.0833333333333 8.8379619487
282.5833333333333 8.8460922569
284.0833333333333 8.88001982086
285.5833333333333 8.8943290672
287.0833333333333 8.89283977718
288.5833333333333 8.89682044687
290.0833333333333 8.86035174308
291.5833333333333 8.85179520744
293.0833333333333 8.8510126684
294.6666666666667 8.86052061177
296.1666666666667 8.8943136229
297.6666666666667 8.90919850606
299.1666666666667 8.90816787893
