Time Pu238 Pu239 Pu240 Pu241 Pu242 Am241
4.833333333333333 0.114990379468 2.55983844747 1.72089567896 0.982043240743 0.646262132665 0.0861702843619 
9.333333333333334 0.114990379468 2.55983844747 1.72089567896 0.982043240743 0.646262132665 0.0861702843619 
13.833333333333334 0.114990379468 2.55983844747 1.72089567896 0.982043240743 0.646262132665 0.0861702843619 
18.333333333333332 0.114990379468 2.55983844747 1.72089567896 0.982043240743 0.646262132665 0.0861702843619 
22.833333333333332 0.114990379468 2.55983844747 1.72089567896 0.982043240743 0.646262132665 0.0861702843619 
27.333333333333332 0.114990379468 2.55983844747 1.72089567896 0.982043240743 0.646262132665 0.0861702843619 
31.833333333333332 0.114990379468 2.55983844747 1.72089567896 0.982043240743 0.646262132665 0.0861702843619 
36.333333333333336 0.114990379468 2.55983844747 1.72089567896 0.982043240743 0.646262132665 0.0861702843619 
40.833333333333336 0.114990379468 2.55983844747 1.72089567896 0.982043240743 0.646262132665 0.0861702843619 
45.333333333333336 0.114990379468 2.55983844747 1.72089567896 0.982043240743 0.646262132665 0.0861702843619 
49.833333333333336 0.114990379468 2.55983844747 1.72089567896 0.982043240743 0.646262132665 0.0861702843619 
54.333333333333336 0.114990379468 2.55983844747 1.72089567896 0.982043240743 0.646262132665 0.0861702843619 
58.833333333333336 0.114990379468 2.55983844747 1.72089567896 0.982043240743 0.646262132665 0.0861702843619 
63.333333333333336 0.114990379468 2.55983844747 1.72089567896 0.982043240743 0.646262132665 0.0861702843619 
67.83333333333333 0.114990379468 2.55983844747 1.72089567896 0.982043240743 0.646262132665 0.0861702843619 
72.33333333333333 0.114990379468 2.55983844747 1.72089567896 0.982043240743 0.646262132665 0.0861702843619 
76.83333333333333 0.114990379468 2.55983844747 1.72089567896 0.982043240743 0.646262132665 0.0861702843619 
81.33333333333333 0.114990379468 2.55983844747 1.72089567896 0.982043240743 0.646262132665 0.0861702843619 
85.83333333333333 0.114990379468 2.55983844747 1.72089567896 0.982043240743 0.646262132665 0.0861702843619 
90.33333333333333 0.114990379468 2.55983844747 1.72089567896 0.982043240743 0.646262132665 0.0861702843619 
94.83333333333333 0.114990379468 2.55983844747 1.72089567896 0.982043240743 0.646262132665 0.0861702843619 
99.33333333333333 0.114990379468 2.55983844747 1.72089567896 0.982043240743 0.646262132665 0.0861702843619 
103.83333333333333 0.114990379468 2.55983844747 1.72089567896 0.982043240743 0.646262132665 0.0861702843619 
108.33333333333333 0.114990379468 2.55983844747 1.72089567896 0.982043240743 0.646262132665 0.0861702843619 
112.83333333333333 0.114990379468 2.55983844747 1.72089567896 0.982043240743 0.646262132665 0.0861702843619 
117.33333333333333 0.114990379468 2.55983844747 1.72089567896 0.982043240743 0.646262132665 0.0861702843619 
121.83333333333333 0.114990379468 2.55983844747 1.72089567896 0.982043240743 0.646262132665 0.0861702843619 
126.33333333333333 0.114990379468 2.55983844747 1.72089567896 0.982043240743 0.646262132665 0.0861702843619 
130.83333333333334 0.114990379468 2.55983844747 1.72089567896 0.982043240743 0.646262132665 0.0861702843619 
135.33333333333334 0.114990379468 2.55983844747 1.72089567896 0.982043240743 0.646262132665 0.0861702843619 
139.83333333333334 0.114990379468 2.55983844747 1.72089567896 0.982043240743 0.646262132665 0.0861702843619 
144.33333333333334 0.114990379468 2.55983844747 1.72089567896 0.982043240743 0.646262132665 0.0861702843619 
148.83333333333334 0.114990379468 2.55983844747 1.72089567896 0.982043240743 0.646262132665 0.0861702843619 
153.33333333333334 0.114990379468 2.55983844747 1.72089567896 0.982043240743 0.646262132665 0.0861702843619 
157.83333333333334 0.114990379468 2.55983844747 1.72089567896 0.982043240743 0.646262132665 0.0861702843619 
162.33333333333334 0.114990379468 2.55983844747 1.72089567896 0.982043240743 0.646262132665 0.0861702843619 
166.83333333333334 0.114990379468 2.55983844747 1.72089567896 0.982043240743 0.646262132665 0.0861702843619 
171.33333333333334 0.114990379468 2.55983844747 1.72089567896 0.982043240743 0.646262132665 0.0861702843619 
175.83333333333334 0.114990379468 2.55983844747 1.72089567896 0.982043240743 0.646262132665 0.0861702843619 
180.33333333333334 0.114990379468 2.55983844747 1.72089567896 0.982043240743 0.646262132665 0.0861702843619 
184.83333333333334 0.114990379468 2.55983844747 1.72089567896 0.982043240743 0.646262132665 0.0861702843619 
189.33333333333334 0.114990379468 2.55983844747 1.72089567896 0.982043240743 0.646262132665 0.0861702843619 
193.83333333333334 0.114990379468 2.55983844747 1.72089567896 0.982043240743 0.646262132665 0.0861702843619 
198.33333333333334 0.114990379468 2.55983844747 1.72089567896 0.982043240743 0.646262132665 0.0861702843619 
202.83333333333334 0.114990379468 2.55983844747 1.72089567896 0.982043240743 0.646262132665 0.0861702843619 
207.33333333333334 0.114990379468 2.55983844747 1.72089567896 0.982043240743 0.646262132665 0.0861702843619 
211.83333333333334 0.114990379468 2.55983844747 1.72089567896 0.982043240743 0.646262132665 0.0861702843619 
216.33333333333334 0.114990379468 2.55983844747 1.72089567896 0.982043240743 0.646262132665 0.0861702843619 
220.83333333333334 0.114990379468 2.55983844747 1.72089567896 0.982043240743 0.646262132665 0.0861702843619 
225.33333333333334 0.114990379468 2.55983844747 1.72089567896 0.982043240743 0.646262132665 0.0861702843619 
229.83333333333334 0.114990379468 2.55983844747 1.72089567896 0.982043240743 0.646262132665 0.0861702843619 
234.33333333333334 0.114990379468 2.55983844747 1.72089567896 0.982043240743 0.646262132665 0.0861702843619 
238.83333333333334 0.114990379468 2.55983844747 1.72089567896 0.982043240743 0.646262132665 0.0861702843619 
243.33333333333334 0.114990379468 2.55983844747 1.72089567896 0.982043240743 0.646262132665 0.0861702843619 
247.83333333333334 0.114990379468 2.55983844747 1.72089567896 0.982043240743 0.646262132665 0.0861702843619 
252.33333333333334 0.114990379468 2.55983844747 1.72089567896 0.982043240743 0.646262132665 0.0861702843619 
256.8333333333333 0.114990379468 2.55983844747 1.72089567896 0.982043240743 0.646262132665 0.0861702843619 
261.3333333333333 0.114990379468 2.55983844747 1.72089567896 0.982043240743 0.646262132665 0.0861702843619 
265.8333333333333 0.114990379468 2.55983844747 1.72089567896 0.982043240743 0.646262132665 0.0861702843619 
270.3333333333333 0.114990379468 2.55983844747 1.72089567896 0.982043240743 0.646262132665 0.0861702843619 
274.8333333333333 0.114990379468 2.55983844747 1.72089567896 0.982043240743 0.646262132665 0.0861702843619 
279.3333333333333 0.114990379468 2.55983844747 1.72089567896 0.982043240743 0.646262132665 0.0861702843619 
283.8333333333333 0.114990379468 2.55983844747 1.72089567896 0.982043240743 0.646262132665 0.0861702843619 
288.3333333333333 0.114990379468 2.55983844747 1.72089567896 0.982043240743 0.646262132665 0.0861702843619 
292.8333333333333 0.114990379468 2.55983844747 1.72089567896 0.982043240743 0.646262132665 0.0861702843619 
297.3333333333333 0.114990379468 2.55983844747 1.72089567896 0.982043240743 0.646262132665 0.0861702843619 
