0    0                  
1    0                  
2    0                  
3    0                  
4    0                  
5    0                  
6    0                  
7    0                  
8    0                  
9    0                  
10   0                  
11   0                  
12   0                  
13   0                  
14   0                  
15   0                  
16   0                  
17   0                  
18   0                  
19   0                  
20   0                  
21   0                  
22   0                  
23   0                  
24   0                  
25   0                  
26   0                  
27   0                  
28   0                  
29   0                  
30   0                  
31   0                  
32   0                  
33   0                  
34   0                  
35   0                  
36   0                  
37   0                  
38   0                  
39   0                  
40   0                  
41   0                  
42   0                  
43   0                  
44   0                  
45   0                  
46   0                  
47   0                  
48   0                  
49   0                  
50   0                  
51   0                  
52   0                  
53   0                  
54   0                  
55   0                  
56   0                  
57   0                  
58   0                  
59   0                  
60   0                  
61   0                  
62   0                  
63   0                  
64   0                  
65   0                  
66   0                  
67   0                  
68   0                  
69   0                  
70   0                  
71   0                  
72   0                  
73   0                  
74   0                  
75   0                  
76   0                  
77   0                  
78   0                  
79   0                  
80   0                  
81   0                  
82   0                  
83   0                  
84   0                  
85   0                  
86   0                  
87   0                  
88   0                  
89   0                  
90   0                  
91   0                  
92   0                  
93   0                  
94   0                  
95   0                  
96   0                  
97   0                  
98   0                  
99   0                  
100  0                  
101  0                  
102  0                  
103  0                  
104  0                  
105  0                  
106  0                  
107  0                  
108  0                  
109  0                  
110  0                  
111  0                  
112  0                  
113  0                  
114  0                  
115  0                  
116  0                  
117  0                  
118  0                  
119  0                  
120  0                  
121  0                  
122  0                  
123  0                  
124  0                  
125  0                  
126  0                  
127  0                  
128  0                  
129  0                  
130  0                  
131  0                  
132  0                  
133  0                  
134  0                  
135  0                  
136  0                  
137  0                  
138  0                  
139  0                  
140  0                  
141  0                  
142  0                  
143  0                  
144  0                  
145  0                  
146  0                  
147  0                  
148  0                  
149  0                  
150  4659.319082030529  
151  4659.319082030529  
152  4659.319082030529  
153  4659.319082030529  
154  4659.319082030529  
155  4659.319082030529  
156  4659.319082030529  
157  4659.319082030529  
158  4659.319082030529  
159  4659.319082030529  
160  4659.319082030529  
161  4659.319082030529  
162  4659.319082030529  
163  4659.319082030529  
164  4659.319082030529  
165  4659.319082030529  
166  4659.319082030529  
167  4659.319082030529  
168  4659.319082030529  
169  4659.319082030529  
170  4659.319082030529  
171  4659.319082030529  
172  4659.319082030529  
173  0                  
174  0                  
175  0                  
176  0                  
177  0                  
178  0                  
179  0                  
180  0                  
181  0                  
182  0                  
183  0                  
184  0                  
185  0                  
186  0                  
187  0                  
188  0                  
189  0                  
190  0                  
191  0                  
192  0                  
193  0                  
194  0                  
195  0                  
196  0                  
197  0                  
198  0                  
199  0                  
200  0                  
201  0                  
202  0                  
203  0                  
204  5096.351824609944  
205  5096.351824609944  
206  5096.351824609944  
207  5096.351824609944  
208  5096.351824609944  
209  5096.351824609944  
210  5096.351824609944  
211  5096.351824609944  
212  5096.351824609944  
213  5096.351824609944  
214  5096.351824609944  
215  5096.351824609944  
216  5096.351824609944  
217  5096.351824609944  
218  5096.351824609944  
219  5096.351824609944  
220  5096.351824609944  
221  5096.351824609944  
222  5096.351824609944  
223  5096.351824609944  
224  5096.351824609944  
225  5096.351824609944  
226  5096.351824609944  
227  0                  
228  0                  
229  0                  
230  0                  
231  0                  
232  0                  
233  0                  
234  0                  
235  0                  
236  0                  
237  0                  
238  0                  
239  0                  
240  0                  
241  0                  
242  0                  
243  0                  
244  0                  
245  0                  
246  0                  
247  0                  
248  0                  
249  0                  
250  0                  
251  0                  
252  0                  
253  0                  
254  0                  
255  0                  
256  0                  
257  0                  
258  5503.079956995925  
259  5503.079956995925  
260  5503.079956995925  
261  5503.079956995925  
262  5503.079956995925  
263  5503.079956995925  
264  5503.079956995925  
265  5503.079956995925  
266  5503.079956995925  
267  5503.079956995925  
268  5503.079956995925  
269  5503.079956995925  
270  5503.079956995925  
271  5503.079956995925  
272  5503.079956995925  
273  5503.079956995925  
274  5503.079956995925  
275  5503.079956995925  
276  5503.079956995925  
277  5503.079956995925  
278  5503.079956995925  
279  5503.079956995925  
280  5503.079956995925  
281  0                  
282  0                  
283  0                  
284  0                  
285  0                  
286  0                  
287  0                  
288  0                  
289  0                  
290  0                  
291  0                  
292  0                  
293  0                  
294  0                  
295  0                  
296  0                  
297  0                  
298  0                  
299  0                  
300  0                  
301  0                  
302  0                  
303  0                  
304  0                  
305  0                  
306  0                  
307  0                  
308  0                  
309  0                  
310  0                  
311  0                  
312  5910.975793211532  
313  5910.975793211532  
314  5910.975793211532  
315  5910.975793211532  
316  5910.975793211532  
317  5910.975793211532  
318  5910.975793211532  
319  5910.975793211532  
320  5910.975793211532  
321  5910.975793211532  
322  5910.975793211532  
323  5910.975793211532  
324  5910.975793211532  
325  5910.975793211532  
326  5910.975793211532  
327  5910.975793211532  
328  5910.975793211532  
329  5910.975793211532  
330  5910.975793211532  
331  5910.975793211532  
332  5910.975793211532  
333  5910.975793211532  
334  5910.975793211532  
335  0                  
336  0                  
337  0                  
338  0                  
339  0                  
340  0                  
341  0                  
342  0                  
343  0                  
344  0                  
345  0                  
346  0                  
347  0                  
348  0                  
349  0                  
350  0                  
351  0                  
352  0                  
353  0                  
354  0                  
355  0                  
356  0                  
357  0                  
358  0                  
359  0                  
360  0                  
361  0                  
362  0                  
363  0                  
364  0                  
365  0                  
366  6253.312397702839  
367  6253.312397702839  
368  6253.312397702839  
369  6253.312397702839  
370  6253.312397702839  
371  6253.312397702839  
372  6253.312397702839  
373  6253.312397702839  
374  6253.312397702839  
375  6253.312397702839  
376  6253.312397702839  
377  6253.312397702839  
378  6253.312397702839  
379  6253.312397702839  
380  6253.312397702839  
381  6253.312397702839  
382  6253.312397702839  
383  6253.312397702839  
384  6253.312397702839  
385  6253.312397702839  
386  6253.312397702839  
387  6253.312397702839  
388  6253.312397702839  
389  0                  
390  0                  
391  0                  
392  0                  
393  0                  
394  0                  
395  0                  
396  0                  
397  0                  
398  0                  
399  0                  
400  0                  
401  0                  
402  0                  
403  0                  
404  0                  
405  0                  
406  0                  
407  0                  
408  0                  
409  0                  
410  0                  
411  0                  
412  0                  
413  0                  
414  0                  
415  0                  
416  0                  
417  0                  
418  0                  
419  0                  
420  6563.298589472346  
421  6563.298589472346  
422  6563.298589472346  
423  6563.298589472346  
424  6563.298589472346  
425  6563.298589472346  
426  6563.298589472346  
427  6563.298589472346  
428  6563.298589472346  
429  6563.298589472346  
430  6563.298589472346  
431  6563.298589472346  
432  6563.298589472346  
433  6563.298589472346  
434  6563.298589472346  
435  6563.298589472346  
436  6563.298589472346  
437  6563.298589472346  
438  6563.298589472346  
439  6563.298589472346  
440  6563.298589472346  
441  6563.298589472346  
442  6563.298589472346  
443  32.69159575386948  
444  32.69159575386948  
445  32.69159575386948  
446  32.69159575386948  
447  32.69159575386948  
448  32.69159575386948  
449  32.69159575386948  
450  32.69159575386948  
451  32.69159575386948  
452  32.69159575386948  
453  32.69159575386948  
454  32.69159575386948  
455  32.69159575386948  
456  32.69159575386948  
457  32.69159575386948  
458  32.69159575386948  
459  32.69159575386948  
460  32.69159575386948  
461  32.69159575386948  
462  32.69159575386948  
463  32.69159575386948  
464  32.69159575386948  
465  32.69159575386948  
466  32.69159575386948  
467  32.69159575386948  
468  32.69159575386948  
469  32.69159575386948  
470  32.69159575386948  
471  32.69159575386948  
472  32.69159575386948  
473  32.69159575386948  
474  6733.678527874015  
475  6733.678527874015  
476  6733.678527874015  
477  6733.678527874015  
478  6733.678527874015  
479  6733.678527874015  
480  6733.678527874015  
481  6733.678527874015  
482  6733.678527874015  
483  6733.678527874015  
484  6733.678527874015  
485  6733.678527874015  
486  6733.678527874015  
487  6733.678527874015  
488  6733.678527874015  
489  6733.678527874015  
490  6733.678527874015  
491  6733.678527874015  
492  6733.678527874015  
493  6733.678527874015  
494  6733.678527874015  
495  6733.678527874015  
496  6733.678527874015  
497  203.3859993087417  
498  203.3859993087417  
499  203.3859993087417  
500  203.3859993087417  
501  203.3859993087417  
502  203.3859993087417  
503  203.3859993087417  
504  203.3859993087417  
505  203.3859993087417  
506  203.3859993087417  
507  203.3859993087417  
508  203.3859993087417  
509  203.3859993087417  
510  203.3859993087417  
511  203.3859993087417  
512  203.3859993087417  
513  203.3859993087417  
514  203.3859993087417  
515  203.3859993087417  
516  203.3859993087417  
517  203.3859993087417  
518  203.3859993087417  
519  203.3859993087417  
520  203.3859993087417  
521  203.3859993087417  
522  203.3859993087417  
523  203.3859993087417  
524  203.3859993087417  
525  203.3859993087417  
526  203.3859993087417  
527  203.3859993087417  
528  7108.875643104115  
529  7108.875643104115  
530  7108.875643104115  
531  7108.875643104115  
532  7108.875643104115  
533  7108.875643104115  
534  7108.875643104115  
535  7108.875643104115  
536  7108.875643104115  
537  7108.875643104115  
538  7108.875643104115  
539  7108.875643104115  
540  7108.875643104115  
541  7108.875643104115  
542  7108.875643104115  
543  7108.875643104115  
544  7108.875643104115  
545  7108.875643104115  
546  7108.875643104115  
547  7108.875643104115  
548  7108.875643104115  
549  7108.875643104115  
550  7108.875643104115  
551  578.945881728072   
552  578.945881728072   
553  578.945881728072   
554  578.945881728072   
555  578.945881728072   
556  578.945881728072   
557  578.945881728072   
558  578.945881728072   
559  578.945881728072   
560  578.945881728072   
561  578.945881728072   
562  578.945881728072   
563  578.945881728072   
564  578.945881728072   
565  578.945881728072   
566  578.945881728072   
567  578.945881728072   
568  578.945881728072   
569  578.945881728072   
570  578.945881728072   
571  578.945881728072   
572  578.945881728072   
573  578.945881728072   
574  578.945881728072   
575  578.945881728072   
576  578.945881728072   
577  578.945881728072   
578  578.945881728072   
579  578.945881728072   
580  578.945881728072   
581  578.945881728072   
582  7616.685999126997  
583  7616.685999126997  
584  7616.685999126997  
585  7616.685999126997  
586  7616.685999126997  
587  7616.685999126997  
588  7616.685999126997  
589  7616.685999126997  
590  7616.685999126997  
591  7616.685999126997  
592  7616.685999126997  
593  7616.685999126997  
594  7616.685999126997  
595  7616.685999126997  
596  7616.685999126997  
597  7616.685999126997  
598  7616.685999126997  
599  7616.685999126997  
600  7616.685999126997  
601  7616.685999126997  
602  7616.685999126997  
603  7616.685999126997  
604  7616.685999126997  
605  1087.1148572829206 
606  1087.1148572829206 
607  1087.1148572829206 
608  1087.1148572829206 
609  1087.1148572829206 
610  1087.1148572829206 
611  1087.1148572829206 
612  1087.1148572829206 
613  1087.1148572829206 
614  1087.1148572829206 
615  1087.1148572829206 
616  1087.1148572829206 
617  1087.1148572829206 
618  1087.1148572829206 
619  1087.1148572829206 
620  1087.1148572829206 
621  1087.1148572829206 
622  1087.1148572829206 
623  1087.1148572829206 
624  1087.1148572829206 
625  1087.1148572829206 
626  1087.1148572829206 
627  1087.1148572829206 
628  1087.1148572829206 
629  1087.1148572829206 
630  1087.1148572829206 
631  1087.1148572829206 
632  1087.1148572829206 
633  1087.1148572829206 
634  1087.1148572829206 
635  1087.1148572829206 
636  8125.489489317339  
637  8125.489489317339  
638  8125.489489317339  
639  8125.489489317339  
640  8125.489489317339  
641  8125.489489317339  
642  8125.489489317339  
643  8125.489489317339  
644  8125.489489317339  
645  8125.489489317339  
646  8125.489489317339  
647  8125.489489317339  
648  8125.489489317339  
649  8125.489489317339  
650  8125.489489317339  
651  8125.489489317339  
652  8125.489489317339  
653  8125.489489317339  
654  8125.489489317339  
655  8125.489489317339  
656  8125.489489317339  
657  8125.489489317339  
658  8125.489489317339  
659  1651.5670393820956 
660  1651.5670393820956 
661  1651.5670393820956 
662  1651.5670393820956 
663  1651.5670393820956 
664  1651.5670393820956 
665  1651.5670393820956 
666  1651.5670393820956 
667  1651.5670393820956 
668  1651.5670393820956 
669  1651.5670393820956 
670  1651.5670393820956 
671  1651.5670393820956 
672  1651.5670393820956 
673  1651.5670393820956 
674  1651.5670393820956 
675  1651.5670393820956 
676  1651.5670393820956 
677  1651.5670393820956 
678  1651.5670393820956 
679  1651.5670393820956 
680  1651.5670393820956 
681  1651.5670393820956 
682  1651.5670393820956 
683  1651.5670393820956 
684  1651.5670393820956 
685  1651.5670393820956 
686  1651.5670393820956 
687  1651.5670393820956 
688  1651.5670393820956 
689  1651.5670393820956 
690  8690.88242759122   
691  8690.88242759122   
692  8690.88242759122   
693  8690.88242759122   
694  8690.88242759122   
695  8690.88242759122   
696  8690.88242759122   
697  8690.88242759122   
698  8690.88242759122   
699  8690.88242759122   
700  8690.88242759122   
701  8690.88242759122   
702  8690.88242759122   
703  8690.88242759122   
704  8690.88242759122   
705  8690.88242759122   
706  8690.88242759122   
707  8690.88242759122   
708  8690.88242759122   
709  8690.88242759122   
710  8690.88242759122   
711  8690.88242759122   
712  8690.88242759122   
713  2272.563528520599  
714  2272.563528520599  
715  2272.563528520599  
716  2272.563528520599  
717  2272.563528520599  
718  2272.563528520599  
719  2272.563528520599  
720  2272.563528520599  
721  2272.563528520599  
722  2272.563528520599  
723  2272.563528520599  
724  2272.563528520599  
725  2272.563528520599  
726  2272.563528520599  
727  2272.563528520599  
728  2272.563528520599  
729  2272.563528520599  
730  2272.563528520599  
731  2272.563528520599  
732  2272.563528520599  
733  2272.563528520599  
734  2272.563528520599  
735  2272.563528520599  
736  2272.563528520599  
737  2272.563528520599  
738  2272.563528520599  
739  2272.563528520599  
740  2272.563528520599  
741  2272.563528520599  
742  2272.563528520599  
743  2272.563528520599  
744  9312.283833382602  
745  9312.283833382602  
746  9312.283833382602  
747  9312.283833382602  
748  9312.283833382602  
749  9312.283833382602  
750  9312.283833382602  
751  9312.283833382602  
752  9312.283833382602  
753  9312.283833382602  
754  9312.283833382602  
755  9312.283833382602  
756  9312.283833382602  
757  9312.283833382602  
758  9312.283833382602  
759  9312.283833382602  
760  9312.283833382602  
761  9312.283833382602  
762  9312.283833382602  
763  9312.283833382602  
764  9312.283833382602  
765  9312.283833382602  
766  9312.283833382602  
767  2949.560925687596  
768  2949.560925687596  
769  2949.560925687596  
770  2949.560925687596  
771  2949.560925687596  
772  2949.560925687596  
773  2949.560925687596  
774  2949.560925687596  
775  2949.560925687596  
776  2949.560925687596  
777  2949.560925687596  
778  2949.560925687596  
779  2949.560925687596  
780  2949.560925687596  
781  2949.560925687596  
782  2949.560925687596  
783  2949.560925687596  
784  2949.560925687596  
785  2949.560925687596  
786  2949.560925687596  
787  2949.560925687596  
788  2949.560925687596  
789  2949.560925687596  
790  2949.560925687596  
791  2949.560925687596  
792  2949.560925687596  
793  2949.560925687596  
794  2949.560925687596  
795  2949.560925687596  
796  2949.560925687596  
797  2949.560925687596  
798  9921.51871227588   
799  9921.51871227588   
800  9921.51871227588   
801  9921.51871227588   
802  9921.51871227588   
803  9921.51871227588   
804  9921.51871227588   
805  9921.51871227588   
806  9921.51871227588   
807  9921.51871227588   
808  9921.51871227588   
809  9921.51871227588   
810  9921.51871227588   
811  9921.51871227588   
812  9921.51871227588   
813  9921.51871227588   
814  9921.51871227588   
815  9921.51871227588   
816  9921.51871227588   
817  9921.51871227588   
818  9921.51871227588   
819  9921.51871227588   
820  9921.51871227588   
821  3614.352964855486  
822  3614.352964855486  
823  3614.352964855486  
824  3614.352964855486  
825  3614.352964855486  
826  3614.352964855486  
827  3614.352964855486  
828  3614.352964855486  
829  3614.352964855486  
830  3614.352964855486  
831  3614.352964855486  
832  3614.352964855486  
833  3614.352964855486  
834  3614.352964855486  
835  3614.352964855486  
836  3614.352964855486  
837  3614.352964855486  
838  3614.352964855486  
839  3614.352964855486  
840  3614.352964855486  
841  3614.352964855486  
842  3614.352964855486  
843  3614.352964855486  
844  3614.352964855486  
845  3614.352964855486  
846  3614.352964855486  
847  3614.352964855486  
848  3614.352964855486  
849  3614.352964855486  
850  3614.352964855486  
851  3614.352964855486  
852  10519.440829142608 
853  10519.440829142608 
854  10519.440829142608 
855  10519.440829142608 
856  10519.440829142608 
857  10519.440829142608 
858  10519.440829142608 
859  10519.440829142608 
860  10519.440829142608 
861  10519.440829142608 
862  10519.440829142608 
863  10519.440829142608 
864  10519.440829142608 
865  10519.440829142608 
866  10519.440829142608 
867  10519.440829142608 
868  10519.440829142608 
869  10519.440829142608 
870  10519.440829142608 
871  10519.440829142608 
872  10519.440829142608 
873  10519.440829142608 
874  10519.440829142608 
875  4267.821693089553  
876  4267.821693089553  
877  4267.821693089553  
878  4267.821693089553  
879  4267.821693089553  
880  4267.821693089553  
881  4267.821693089553  
882  4267.821693089553  
883  4267.821693089553  
884  4267.821693089553  
885  4267.821693089553  
886  4267.821693089553  
887  4267.821693089553  
888  4267.821693089553  
889  4267.821693089553  
890  4267.821693089553  
891  4267.821693089553  
892  4267.821693089553  
893  4267.821693089553  
894  4267.821693089553  
895  4267.821693089553  
896  4267.821693089553  
897  4267.821693089553  
898  4267.821693089553  
899  4267.821693089553  
900  4267.821693089553  
901  4267.821693089553  
902  4267.821693089553  
903  4267.821693089553  
904  4267.821693089553  
905  4267.821693089553  
906  11103.286759551482 
907  11103.286759551482 
908  11103.286759551482 
909  11103.286759551482 
910  11103.286759551482 
911  11103.286759551482 
912  11103.286759551482 
913  11103.286759551482 
914  11103.286759551482 
915  11103.286759551482 
916  11103.286759551482 
917  11103.286759551482 
918  11103.286759551482 
919  11103.286759551482 
920  11103.286759551482 
921  11103.286759551482 
922  11103.286759551482 
923  11103.286759551482 
924  11103.286759551482 
925  11103.286759551482 
926  11103.286759551482 
927  11103.286759551482 
928  11103.286759551482 
929  4907.198093714906  
930  4907.198093714906  
931  4907.198093714906  
932  4907.198093714906  
933  4907.198093714906  
934  4907.198093714906  
935  4907.198093714906  
936  4907.198093714906  
937  4907.198093714906  
938  4907.198093714906  
939  4907.198093714906  
940  4907.198093714906  
941  4907.198093714906  
942  4907.198093714906  
943  4907.198093714906  
944  4907.198093714906  
945  4907.198093714906  
946  4907.198093714906  
947  4907.198093714906  
948  4907.198093714906  
949  4907.198093714906  
950  4907.198093714906  
951  4907.198093714906  
952  4907.198093714906  
953  4907.198093714906  
954  4907.198093714906  
955  4907.198093714906  
956  4907.198093714906  
957  4907.198093714906  
958  4907.198093714906  
959  4907.198093714906  
960  11674.038536271819 
961  11674.038536271819 
962  11674.038536271819 
963  11674.038536271819 
964  11674.038536271819 
965  11674.038536271819 
966  11674.038536271819 
967  11674.038536271819 
968  11674.038536271819 
969  11674.038536271819 
970  11674.038536271819 
971  11674.038536271819 
972  11674.038536271819 
973  11674.038536271819 
974  11674.038536271819 
975  11674.038536271819 
976  11674.038536271819 
977  11674.038536271819 
978  11674.038536271819 
979  11674.038536271819 
980  11674.038536271819 
981  11674.038536271819 
982  11674.038536271819 
983  5533.464717597813  
984  5533.464717597813  
985  5533.464717597813  
986  5533.464717597813  
987  5533.464717597813  
988  5533.464717597813  
989  5533.464717597813  
990  5533.464717597813  
991  5533.464717597813  
992  5533.464717597813  
993  5533.464717597813  
994  5533.464717597813  
995  5533.464717597813  
996  5533.464717597813  
997  5533.464717597813  
998  5533.464717597813  
999  5533.464717597813  
1000 5533.464717597813  
1001 5533.464717597813  
1002 5533.464717597813  
1003 5533.464717597813  
1004 5533.464717597813  
1005 5533.464717597813  
1006 5533.464717597813  
1007 5533.464717597813  
1008 5533.464717597813  
1009 5533.464717597813  
1010 5533.464717597813  
1011 5533.464717597813  
1012 5533.464717597813  
1013 5533.464717597813  
1014 12229.618783545262 
1015 12229.618783545262 
1016 12229.618783545262 
1017 12229.618783545262 
1018 12229.618783545262 
1019 12229.618783545262 
1020 12229.618783545262 
1021 12229.618783545262 
1022 12229.618783545262 
1023 12229.618783545262 
1024 12229.618783545262 
1025 12229.618783545262 
1026 12229.618783545262 
1027 12229.618783545262 
1028 12229.618783545262 
1029 12229.618783545262 
1030 12229.618783545262 
1031 12229.618783545262 
1032 12229.618783545262 
1033 12229.618783545262 
1034 12229.618783545262 
1035 12229.618783545262 
1036 12229.618783545262 
1037 6144.509150624664  
1038 6144.509150624664  
1039 6144.509150624664  
1040 6144.509150624664  
1041 6144.509150624664  
1042 6144.509150624664  
1043 6144.509150624664  
1044 6144.509150624664  
1045 6144.509150624664  
1046 6144.509150624664  
1047 6144.509150624664  
1048 6144.509150624664  
1049 6144.509150624664  
1050 6144.509150624664  
1051 6144.509150624664  
1052 6144.509150624664  
1053 6144.509150624664  
1054 6144.509150624664  
1055 6144.509150624664  
1056 6144.509150624664  
1057 6144.509150624664  
1058 6144.509150624664  
1059 6144.509150624664  
1060 6144.509150624664  
1061 6144.509150624664  
1062 6144.509150624664  
1063 6144.509150624664  
1064 6144.509150624664  
1065 6144.509150624664  
1066 6144.509150624664  
1067 6144.509150624664  
1068 12768.577855010688 
1069 12768.577855010688 
1070 12768.577855010688 
1071 12768.577855010688 
1072 12768.577855010688 
1073 12768.577855010688 
1074 12768.577855010688 
1075 12768.577855010688 
1076 12768.577855010688 
1077 12768.577855010688 
1078 12768.577855010688 
1079 12768.577855010688 
1080 12768.577855010688 
1081 12768.577855010688 
1082 12768.577855010688 
1083 12768.577855010688 
1084 12768.577855010688 
1085 12768.577855010688 
1086 12768.577855010688 
1087 12768.577855010688 
1088 12768.577855010688 
1089 12768.577855010688 
1090 12768.577855010688 
1091 6683.636897505655  
1092 6683.636897505655  
1093 6683.636897505655  
1094 6683.636897505655  
1095 6683.636897505655  
1096 6683.636897505655  
1097 6683.636897505655  
1098 6683.636897505655  
1099 6683.636897505655  
1100 6683.636897505655  
1101 6683.636897505655  
1102 6683.636897505655  
1103 6683.636897505655  
1104 6683.636897505655  
1105 6683.636897505655  
1106 6683.636897505655  
1107 6683.636897505655  
1108 6683.636897505655  
1109 6683.636897505655  
1110 6683.636897505655  
1111 6683.636897505655  
1112 6683.636897505655  
1113 6683.636897505655  
1114 6683.636897505655  
1115 6683.636897505655  
1116 6683.636897505655  
1117 6683.636897505655  
1118 6683.636897505655  
1119 6683.636897505655  
1120 6683.636897505655  
1121 6683.636897505655  
1122 13233.505609158037 
1123 13233.505609158037 
1124 13233.505609158037 
1125 13233.505609158037 
1126 13233.505609158037 
1127 13233.505609158037 
1128 13233.505609158037 
1129 13233.505609158037 
1130 13233.505609158037 
1131 13233.505609158037 
1132 13233.505609158037 
1133 13233.505609158037 
1134 13233.505609158037 
1135 13233.505609158037 
1136 13233.505609158037 
1137 13233.505609158037 
1138 13233.505609158037 
1139 13233.505609158037 
1140 13233.505609158037 
1141 13233.505609158037 
1142 13233.505609158037 
1143 13233.505609158037 
1144 13233.505609158037 
1145 7204.020148290465  
1146 7204.020148290465  
1147 7204.020148290465  
1148 7204.020148290465  
1149 7204.020148290465  
1150 7204.020148290465  
1151 7204.020148290465  
1152 7204.020148290465  
1153 7204.020148290465  
1154 7204.020148290465  
1155 7204.020148290465  
1156 7204.020148290465  
1157 7204.020148290465  
1158 7204.020148290465  
1159 7204.020148290465  
1160 7204.020148290465  
1161 7204.020148290465  
1162 7204.020148290465  
1163 7204.020148290465  
1164 7204.020148290465  
1165 7204.020148290465  
1166 7204.020148290465  
1167 7204.020148290465  
1168 7204.020148290465  
1169 7204.020148290465  
1170 7204.020148290465  
1171 7204.020148290465  
1172 7204.020148290465  
1173 7204.020148290465  
1174 7204.020148290465  
1175 7204.020148290465  
1176 13686.857883783105 
1177 13686.857883783105 
1178 13686.857883783105 
1179 13686.857883783105 
1180 13686.857883783105 
1181 13686.857883783105 
1182 13686.857883783105 
1183 13686.857883783105 
1184 13686.857883783105 
1185 13686.857883783105 
1186 13686.857883783105 
1187 13686.857883783105 
1188 13686.857883783105 
1189 13686.857883783105 
1190 13686.857883783105 
1191 13686.857883783105 
1192 13686.857883783105 
1193 13686.857883783105 
1194 13686.857883783105 
1195 13686.857883783105 
1196 13686.857883783105 
1197 13686.857883783105 
1198 13686.857883783105 
1199 7685.16651494632   
1200 7685.16651494632   
1201 7685.16651494632   
1202 7685.16651494632   
1203 7685.16651494632   
1204 7685.16651494632   
1205 7685.16651494632   
1206 7685.16651494632   
1207 7685.16651494632   
1208 7685.16651494632   
1209 7685.16651494632   
1210 7685.16651494632   
1211 7685.16651494632   
1212 7685.16651494632   
1213 7685.16651494632   
1214 7685.16651494632   
1215 7685.16651494632   
1216 7685.16651494632   
1217 7685.16651494632   
1218 7685.16651494632   
1219 7685.16651494632   
1220 7685.16651494632   
1221 7685.16651494632   
1222 7685.16651494632   
1223 7685.16651494632   
1224 7685.16651494632   
1225 7685.16651494632   
1226 7685.16651494632   
1227 7685.16651494632   
1228 7685.16651494632   
1229 7685.16651494632   
1230 14167.688343672091 
1231 14167.688343672091 
1232 14167.688343672091 
1233 14167.688343672091 
1234 14167.688343672091 
1235 14167.688343672091 
1236 14167.688343672091 
1237 14167.688343672091 
1238 14167.688343672091 
1239 14167.688343672091 
1240 14167.688343672091 
1241 14167.688343672091 
1242 14167.688343672091 
1243 14167.688343672091 
1244 14167.688343672091 
1245 14167.688343672091 
1246 14167.688343672091 
1247 14167.688343672091 
1248 14167.688343672091 
1249 14167.688343672091 
1250 14167.688343672091 
1251 14167.688343672091 
1252 14167.688343672091 
1253 8193.761958513736  
1254 8193.761958513736  
1255 8193.761958513736  
1256 8193.761958513736  
1257 8193.761958513736  
1258 8193.761958513736  
1259 8193.761958513736  
1260 8193.761958513736  
1261 8193.761958513736  
1262 8193.761958513736  
1263 8193.761958513736  
1264 8193.761958513736  
1265 8193.761958513736  
1266 8193.761958513736  
1267 8193.761958513736  
1268 8193.761958513736  
1269 8193.761958513736  
1270 8193.761958513736  
1271 8193.761958513736  
1272 8193.761958513736  
1273 8193.761958513736  
1274 8193.761958513736  
1275 8193.761958513736  
1276 8193.761958513736  
1277 8193.761958513736  
1278 8193.761958513736  
1279 8193.761958513736  
1280 8193.761958513736  
1281 8193.761958513736  
1282 8193.761958513736  
1283 8193.761958513736  
1284 14604.50400804662  
1285 14604.50400804662  
1286 14604.50400804662  
1287 14604.50400804662  
1288 14604.50400804662  
1289 14604.50400804662  
1290 14604.50400804662  
1291 14604.50400804662  
1292 14604.50400804662  
1293 14604.50400804662  
1294 14604.50400804662  
1295 14604.50400804662  
1296 14604.50400804662  
1297 14604.50400804662  
1298 14604.50400804662  
1299 14604.50400804662  
1300 14604.50400804662  
1301 14604.50400804662  
1302 14604.50400804662  
1303 14604.50400804662  
1304 14604.50400804662  
1305 14604.50400804662  
1306 14604.50400804662  
1307 8630.712472129131  
1308 8630.712472129131  
1309 8630.712472129131  
1310 8630.712472129131  
1311 8630.712472129131  
1312 8630.712472129131  
1313 8630.712472129131  
1314 8630.712472129131  
1315 8630.712472129131  
1316 8630.712472129131  
1317 8630.712472129131  
1318 8630.712472129131  
1319 8630.712472129131  
1320 8630.712472129131  
1321 8630.712472129131  
1322 8630.712472129131  
1323 8630.712472129131  
1324 8630.712472129131  
1325 8630.712472129131  
1326 8630.712472129131  
1327 8630.712472129131  
1328 8630.712472129131  
1329 8630.712472129131  
1330 8630.712472129131  
1331 8630.712472129131  
1332 8630.712472129131  
1333 8630.712472129131  
1334 8630.712472129131  
1335 8630.712472129131  
1336 8630.712472129131  
1337 8630.712472129131  
1338 15004.858793570298 
1339 15004.858793570298 
1340 15004.858793570298 
1341 15004.858793570298 
1342 15004.858793570298 
1343 15004.858793570298 
1344 15004.858793570298 
1345 15004.858793570298 
1346 15004.858793570298 
1347 15004.858793570298 
1348 15004.858793570298 
1349 15004.858793570298 
1350 15004.858793570298 
1351 15004.858793570298 
1352 15004.858793570298 
1353 15004.858793570298 
1354 15004.858793570298 
1355 15004.858793570298 
1356 15004.858793570298 
1357 15004.858793570298 
1358 15004.858793570298 
1359 15004.858793570298 
1360 15004.858793570298 
1361 9058.827721121608  
1362 9058.827721121608  
1363 9058.827721121608  
1364 9058.827721121608  
1365 9058.827721121608  
1366 9058.827721121608  
1367 9058.827721121608  
1368 9058.827721121608  
1369 9058.827721121608  
1370 9058.827721121608  
1371 9058.827721121608  
1372 9058.827721121608  
1373 9058.827721121608  
1374 9058.827721121608  
1375 9058.827721121608  
1376 9058.827721121608  
1377 9058.827721121608  
1378 9058.827721121608  
1379 9058.827721121608  
1380 9058.827721121608  
1381 9058.827721121608  
1382 9058.827721121608  
1383 9058.827721121608  
1384 9058.827721121608  
1385 9058.827721121608  
1386 9058.827721121608  
1387 9058.827721121608  
1388 9058.827721121608  
1389 9058.827721121608  
1390 9058.827721121608  
1391 9058.827721121608  
1392 15399.184589298067 
1393 15399.184589298067 
1394 15399.184589298067 
1395 15399.184589298067 
1396 15399.184589298067 
1397 15399.184589298067 
1398 15399.184589298067 
1399 15399.184589298067 
1400 15399.184589298067 
1401 15399.184589298067 
1402 15399.184589298067 
1403 15399.184589298067 
1404 15399.184589298067 
1405 15399.184589298067 
1406 15399.184589298067 
1407 15399.184589298067 
1408 15399.184589298067 
1409 15399.184589298067 
1410 15399.184589298067 
1411 15399.184589298067 
1412 15399.184589298067 
1413 15399.184589298067 
1414 15399.184589298067 
1415 9480.901028849998  
1416 9480.901028849998  
1417 9480.901028849998  
1418 9480.901028849998  
1419 9480.901028849998  
1420 9480.901028849998  
1421 9480.901028849998  
1422 9480.901028849998  
1423 9480.901028849998  
1424 9480.901028849998  
1425 9480.901028849998  
1426 9480.901028849998  
1427 9480.901028849998  
1428 9480.901028849998  
1429 9480.901028849998  
1430 9480.901028849998  
1431 9480.901028849998  
1432 9480.901028849998  
1433 9480.901028849998  
1434 9480.901028849998  
1435 9480.901028849998  
1436 9480.901028849998  
1437 9480.901028849998  
1438 9480.901028849998  
1439 9480.901028849998  
1440 9480.901028849998  
1441 9480.901028849998  
1442 9480.901028849998  
1443 9480.901028849998  
1444 9480.901028849998  
1445 9480.901028849998  
1446 15817.878831335733 
1447 15817.878831335733 
1448 15817.878831335733 
1449 15817.878831335733 
1450 15817.878831335733 
1451 15817.878831335733 
1452 15817.878831335733 
1453 15817.878831335733 
1454 15817.878831335733 
1455 15817.878831335733 
1456 15817.878831335733 
1457 15817.878831335733 
1458 15817.878831335733 
1459 15817.878831335733 
1460 15817.878831335733 
1461 15817.878831335733 
1462 15817.878831335733 
1463 15817.878831335733 
1464 15817.878831335733 
1465 15817.878831335733 
1466 15817.878831335733 
1467 15817.878831335733 
1468 15817.878831335733 
1469 9899.712737878473  
1470 9899.712737878473  
1471 9899.712737878473  
1472 9899.712737878473  
1473 9899.712737878473  
1474 9899.712737878473  
1475 9899.712737878473  
1476 9899.712737878473  
1477 9899.712737878473  
1478 9899.712737878473  
1479 9899.712737878473  
1480 9899.712737878473  
1481 9899.712737878473  
1482 9899.712737878473  
1483 9899.712737878473  
1484 9899.712737878473  
1485 9899.712737878473  
1486 9899.712737878473  
1487 9899.712737878473  
1488 9899.712737878473  
1489 9899.712737878473  
1490 9899.712737878473  
1491 9899.712737878473  
1492 9899.712737878473  
1493 9899.712737878473  
1494 9899.712737878473  
1495 9899.712737878473  
1496 9899.712737878473  
1497 9899.712737878473  
1498 9899.712737878473  
1499 9899.712737878473  
1500 16199.904435406159 
1501 16199.904435406159 
1502 16199.904435406159 
1503 16199.904435406159 
1504 16199.904435406159 
1505 16199.904435406159 
1506 16199.904435406159 
1507 16199.904435406159 
1508 16199.904435406159 
1509 16199.904435406159 
1510 16199.904435406159 
1511 16199.904435406159 
1512 16199.904435406159 
1513 16199.904435406159 
1514 16199.904435406159 
1515 16199.904435406159 
1516 16199.904435406159 
1517 16199.904435406159 
1518 16199.904435406159 
1519 16199.904435406159 
1520 16199.904435406159 
1521 16199.904435406159 
1522 16199.904435406159 
1523 10281.796981542611 
1524 10281.796981542611 
1525 10281.796981542611 
1526 10281.796981542611 
1527 10281.796981542611 
1528 10281.796981542611 
1529 10281.796981542611 
1530 10281.796981542611 
1531 10281.796981542611 
1532 10281.796981542611 
1533 10281.796981542611 
1534 10281.796981542611 
1535 10281.796981542611 
1536 10281.796981542611 
1537 10281.796981542611 
1538 10281.796981542611 
1539 10281.796981542611 
1540 10281.796981542611 
1541 10281.796981542611 
1542 10281.796981542611 
1543 10281.796981542611 
1544 10281.796981542611 
1545 10281.796981542611 
1546 10281.796981542611 
1547 10281.796981542611 
1548 10281.796981542611 
1549 10281.796981542611 
1550 10281.796981542611 
1551 10281.796981542611 
1552 10281.796981542611 
1553 10281.796981542611 
1554 16545.349767497857 
1555 16545.349767497857 
1556 16545.349767497857 
1557 16545.349767497857 
1558 16545.349767497857 
1559 16545.349767497857 
1560 16545.349767497857 
1561 16545.349767497857 
1562 16545.349767497857 
1563 16545.349767497857 
1564 16545.349767497857 
1565 16545.349767497857 
1566 16545.349767497857 
1567 16545.349767497857 
1568 16545.349767497857 
1569 16545.349767497857 
1570 16545.349767497857 
1571 16545.349767497857 
1572 16545.349767497857 
1573 16545.349767497857 
1574 16545.349767497857 
1575 16545.349767497857 
1576 16545.349767497857 
1577 10654.957067303592 
1578 10654.957067303592 
1579 10654.957067303592 
1580 10654.957067303592 
1581 10654.957067303592 
1582 10654.957067303592 
1583 10654.957067303592 
1584 10654.957067303592 
1585 10654.957067303592 
1586 10654.957067303592 
1587 10654.957067303592 
1588 10654.957067303592 
1589 10654.957067303592 
1590 10654.957067303592 
1591 10654.957067303592 
1592 10654.957067303592 
1593 10654.957067303592 
1594 10654.957067303592 
1595 10654.957067303592 
1596 10654.957067303592 
1597 10654.957067303592 
1598 10654.957067303592 
1599 10654.957067303592 
1600 10654.957067303592 
1601 10654.957067303592 
1602 10654.957067303592 
1603 10654.957067303592 
1604 10654.957067303592 
1605 10654.957067303592 
1606 10654.957067303592 
1607 10654.957067303592 
1608 16914.024036185416 
1609 16914.024036185416 
1610 16914.024036185416 
1611 16914.024036185416 
1612 16914.024036185416 
1613 16914.024036185416 
1614 16914.024036185416 
1615 16914.024036185416 
1616 16914.024036185416 
1617 16914.024036185416 
1618 16914.024036185416 
1619 16914.024036185416 
1620 16914.024036185416 
1621 16914.024036185416 
1622 16914.024036185416 
1623 16914.024036185416 
1624 16914.024036185416 
1625 16914.024036185416 
1626 16914.024036185416 
1627 16914.024036185416 
1628 16914.024036185416 
1629 16914.024036185416 
1630 16914.024036185416 
1631 11051.34540071346  
1632 11051.34540071346  
1633 11051.34540071346  
1634 11051.34540071346  
1635 11051.34540071346  
1636 11051.34540071346  
1637 11051.34540071346  
1638 11051.34540071346  
1639 11051.34540071346  
1640 11051.34540071346  
1641 11051.34540071346  
1642 11051.34540071346  
1643 11051.34540071346  
1644 11051.34540071346  
1645 11051.34540071346  
1646 11051.34540071346  
1647 11051.34540071346  
1648 11051.34540071346  
1649 11051.34540071346  
1650 11051.34540071346  
1651 11051.34540071346  
1652 11051.34540071346  
1653 11051.34540071346  
1654 11051.34540071346  
1655 11051.34540071346  
1656 11051.34540071346  
1657 11051.34540071346  
1658 11051.34540071346  
1659 11051.34540071346  
1660 11051.34540071346  
1661 11051.34540071346  
1662 17313.489139102123 
1663 17313.489139102123 
1664 17313.489139102123 
1665 17313.489139102123 
1666 17313.489139102123 
1667 17313.489139102123 
1668 17313.489139102123 
1669 17313.489139102123 
1670 17313.489139102123 
1671 17313.489139102123 
1672 17313.489139102123 
1673 17313.489139102123 
1674 17313.489139102123 
1675 17313.489139102123 
1676 17313.489139102123 
1677 17313.489139102123 
1678 17313.489139102123 
1679 17313.489139102123 
1680 17313.489139102123 
1681 17313.489139102123 
1682 17313.489139102123 
1683 17313.489139102123 
1684 17313.489139102123 
1685 11450.887143266938 
1686 11450.887143266938 
1687 11450.887143266938 
1688 11450.887143266938 
1689 11450.887143266938 
1690 11450.887143266938 
1691 11450.887143266938 
1692 11450.887143266938 
1693 11450.887143266938 
1694 11450.887143266938 
1695 11450.887143266938 
1696 11450.887143266938 
1697 11450.887143266938 
1698 11450.887143266938 
1699 11450.887143266938 
1700 11450.887143266938 
1701 11450.887143266938 
1702 11450.887143266938 
1703 11450.887143266938 
1704 11450.887143266938 
1705 11450.887143266938 
1706 11450.887143266938 
1707 11450.887143266938 
1708 11450.887143266938 
1709 11450.887143266938 
1710 11450.887143266938 
1711 11450.887143266938 
1712 11450.887143266938 
1713 11450.887143266938 
1714 11450.887143266938 
1715 11450.887143266938 
1716 17678.683690084443 
1717 17678.683690084443 
1718 17678.683690084443 
1719 17678.683690084443 
1720 17678.683690084443 
1721 17678.683690084443 
1722 17678.683690084443 
1723 17678.683690084443 
1724 17678.683690084443 
1725 17678.683690084443 
1726 17678.683690084443 
1727 17678.683690084443 
1728 17678.683690084443 
1729 17678.683690084443 
1730 17678.683690084443 
1731 17678.683690084443 
1732 17678.683690084443 
1733 17678.683690084443 
1734 17678.683690084443 
1735 17678.683690084443 
1736 17678.683690084443 
1737 17678.683690084443 
1738 17678.683690084443 
1739 11816.146594011683 
1740 11816.146594011683 
1741 11816.146594011683 
1742 11816.146594011683 
1743 11816.146594011683 
1744 11816.146594011683 
1745 11816.146594011683 
1746 11816.146594011683 
1747 11816.146594011683 
1748 11816.146594011683 
1749 11816.146594011683 
1750 11816.146594011683 
1751 11816.146594011683 
1752 11816.146594011683 
1753 11816.146594011683 
1754 11816.146594011683 
1755 11816.146594011683 
1756 11816.146594011683 
1757 11816.146594011683 
1758 11816.146594011683 
1759 11816.146594011683 
1760 11816.146594011683 
1761 11816.146594011683 
1762 11816.146594011683 
1763 11816.146594011683 
1764 11816.146594011683 
1765 11816.146594011683 
1766 11816.146594011683 
1767 11816.146594011683 
1768 11816.146594011683 
1769 11816.146594011683 
1770 18008.093564064322 
1771 18008.093564064322 
1772 18008.093564064322 
1773 18008.093564064322 
1774 18008.093564064322 
1775 18008.093564064322 
1776 18008.093564064322 
1777 18008.093564064322 
1778 18008.093564064322 
1779 18008.093564064322 
1780 18008.093564064322 
1781 18008.093564064322 
1782 18008.093564064322 
1783 18008.093564064322 
1784 18008.093564064322 
1785 18008.093564064322 
1786 18008.093564064322 
1787 18008.093564064322 
1788 18008.093564064322 
1789 18008.093564064322 
1790 18008.093564064322 
1791 18008.093564064322 
1792 18008.093564064322 
1793 12145.615209362264 
1794 12145.615209362264 
1795 12145.615209362264 
1796 12145.615209362264 
1797 12145.615209362264 
1798 12145.615209362264 
1799 12145.615209362264 
1800 12145.615209362264 
1801 12145.615209362264 
1802 12145.615209362264 
1803 12145.615209362264 
1804 12145.615209362264 
1805 12145.615209362264 
1806 12145.615209362264 
1807 12145.615209362264 
1808 12145.615209362264 
1809 12145.615209362264 
1810 12145.615209362264 
1811 12145.615209362264 
1812 12145.615209362264 
1813 12145.615209362264 
1814 12145.615209362264 
1815 12145.615209362264 
1816 12145.615209362264 
1817 12145.615209362264 
1818 12145.615209362264 
1819 12145.615209362264 
1820 12145.615209362264 
1821 12145.615209362264 
1822 12145.615209362264 
1823 12145.615209362264 
1824 18335.528847295274 
1825 18335.528847295274 
1826 18335.528847295274 
1827 18335.528847295274 
1828 18335.528847295274 
1829 18335.528847295274 
1830 18335.528847295274 
1831 18335.528847295274 
1832 18335.528847295274 
1833 18335.528847295274 
1834 18335.528847295274 
1835 18335.528847295274 
1836 18335.528847295274 
1837 18335.528847295274 
1838 18335.528847295274 
1839 18335.528847295274 
1840 18335.528847295274 
1841 18335.528847295274 
1842 18335.528847295274 
1843 18335.528847295274 
1844 18335.528847295274 
1845 18335.528847295274 
1846 18335.528847295274 
1847 12473.106829934743 
1848 12473.106829934743 
1849 12473.106829934743 
1850 12473.106829934743 
1851 12473.106829934743 
1852 12473.106829934743 
1853 12473.106829934743 
1854 12473.106829934743 
1855 12473.106829934743 
1856 12473.106829934743 
1857 12473.106829934743 
1858 12473.106829934743 
1859 12473.106829934743 
1860 12473.106829934743 
1861 12473.106829934743 
1862 12473.106829934743 
1863 12473.106829934743 
1864 12473.106829934743 
1865 12473.106829934743 
1866 12473.106829934743 
1867 12473.106829934743 
1868 12473.106829934743 
1869 12473.106829934743 
1870 12473.106829934743 
1871 12473.106829934743 
1872 12473.106829934743 
1873 12473.106829934743 
1874 12473.106829934743 
1875 12473.106829934743 
1876 12473.106829934743 
1877 12473.106829934743 
1878 18661.75126023394  
1879 18661.75126023394  
1880 18661.75126023394  
1881 18661.75126023394  
1882 18661.75126023394  
1883 18661.75126023394  
1884 18661.75126023394  
1885 18661.75126023394  
1886 18661.75126023394  
1887 18661.75126023394  
1888 18661.75126023394  
1889 18661.75126023394  
1890 18661.75126023394  
1891 18661.75126023394  
1892 18661.75126023394  
1893 18661.75126023394  
1894 18661.75126023394  
1895 18661.75126023394  
1896 18661.75126023394  
1897 18661.75126023394  
1898 18661.75126023394  
1899 18661.75126023394  
1900 18661.75126023394  
1901 12799.382690479495 
1902 12799.382690479495 
1903 12799.382690479495 
1904 12799.382690479495 
1905 12799.382690479495 
1906 12799.382690479495 
1907 12799.382690479495 
1908 12799.382690479495 
1909 12799.382690479495 
1910 12799.382690479495 
1911 12799.382690479495 
1912 12799.382690479495 
1913 12799.382690479495 
1914 12799.382690479495 
1915 12799.382690479495 
1916 12799.382690479495 
1917 12799.382690479495 
1918 12799.382690479495 
1919 12799.382690479495 
1920 12799.382690479495 
1921 12799.382690479495 
1922 12799.382690479495 
1923 12799.382690479495 
1924 12799.382690479495 
1925 12799.382690479495 
1926 12799.382690479495 
1927 12799.382690479495 
1928 12799.382690479495 
1929 12799.382690479495 
1930 12799.382690479495 
1931 12799.382690479495 
1932 18987.546759476318 
1933 18987.546759476318 
1934 18987.546759476318 
1935 18987.546759476318 
1936 18987.546759476318 
1937 18987.546759476318 
1938 18987.546759476318 
1939 18987.546759476318 
1940 18987.546759476318 
1941 18987.546759476318 
1942 18987.546759476318 
1943 18987.546759476318 
1944 18987.546759476318 
1945 18987.546759476318 
1946 18987.546759476318 
1947 18987.546759476318 
1948 18987.546759476318 
1949 18987.546759476318 
1950 18987.546759476318 
1951 18987.546759476318 
1952 18987.546759476318 
1953 18987.546759476318 
1954 18987.546759476318 
1955 13152.852270291633 
1956 13152.852270291633 
1957 13152.852270291633 
1958 13152.852270291633 
1959 13152.852270291633 
1960 13152.852270291633 
1961 13152.852270291633 
1962 13152.852270291633 
1963 13152.852270291633 
1964 13152.852270291633 
1965 13152.852270291633 
1966 13152.852270291633 
1967 13152.852270291633 
1968 13152.852270291633 
1969 13152.852270291633 
1970 13152.852270291633 
1971 13152.852270291633 
1972 13152.852270291633 
1973 13152.852270291633 
1974 13152.852270291633 
1975 13152.852270291633 
1976 13152.852270291633 
1977 13152.852270291633 
1978 13152.852270291633 
1979 13152.852270291633 
1980 13152.852270291633 
1981 13152.852270291633 
1982 13152.852270291633 
1983 13152.852270291633 
1984 13152.852270291633 
1985 13152.852270291633 
1986 19339.63593084657  
1987 19339.63593084657  
1988 19339.63593084657  
1989 19339.63593084657  
1990 19339.63593084657  
1991 19339.63593084657  
1992 19339.63593084657  
1993 19339.63593084657  
1994 19339.63593084657  
1995 19339.63593084657  
1996 19339.63593084657  
1997 19339.63593084657  
1998 19339.63593084657  
1999 19339.63593084657  
2000 19339.63593084657  
2001 19339.63593084657  
2002 19339.63593084657  
2003 19339.63593084657  
2004 19339.63593084657  
2005 19339.63593084657  
2006 19339.63593084657  
2007 19339.63593084657  
2008 19339.63593084657  
2009 13505.032971526723 
2010 13505.032971526723 
2011 13505.032971526723 
2012 13505.032971526723 
2013 13505.032971526723 
2014 13505.032971526723 
2015 13505.032971526723 
2016 13505.032971526723 
2017 13505.032971526723 
2018 13505.032971526723 
2019 13505.032971526723 
2020 13505.032971526723 
2021 13505.032971526723 
2022 13505.032971526723 
2023 13505.032971526723 
2024 13505.032971526723 
2025 13505.032971526723 
2026 13505.032971526723 
2027 13505.032971526723 
2028 13505.032971526723 
2029 13505.032971526723 
2030 13505.032971526723 
2031 13505.032971526723 
2032 13505.032971526723 
2033 13505.032971526723 
2034 13505.032971526723 
2035 13505.032971526723 
2036 13505.032971526723 
2037 13505.032971526723 
2038 13505.032971526723 
2039 13505.032971526723 
2040 19690.943666989915 
2041 19690.943666989915 
2042 19690.943666989915 
2043 19690.943666989915 
2044 19690.943666989915 
2045 19690.943666989915 
2046 19690.943666989915 
2047 19690.943666989915 
2048 19690.943666989915 
2049 19690.943666989915 
2050 19690.943666989915 
2051 19690.943666989915 
2052 19690.943666989915 
2053 19690.943666989915 
2054 19690.943666989915 
2055 19690.943666989915 
2056 19690.943666989915 
2057 19690.943666989915 
2058 19690.943666989915 
2059 19690.943666989915 
2060 19690.943666989915 
2061 19690.943666989915 
2062 19690.943666989915 
2063 13856.367168512745 
2064 13856.367168512745 
2065 13856.367168512745 
2066 13856.367168512745 
2067 13856.367168512745 
2068 13856.367168512745 
2069 13856.367168512745 
2070 13856.367168512745 
2071 13856.367168512745 
2072 13856.367168512745 
2073 13856.367168512745 
2074 13856.367168512745 
2075 13856.367168512745 
2076 13856.367168512745 
2077 13856.367168512745 
2078 13856.367168512745 
2079 13856.367168512745 
2080 13856.367168512745 
2081 13856.367168512745 
2082 13856.367168512745 
2083 13856.367168512745 
2084 13856.367168512745 
2085 13856.367168512745 
2086 13856.367168512745 
2087 13856.367168512745 
2088 13856.367168512745 
2089 13856.367168512745 
2090 13856.367168512745 
2091 13856.367168512745 
2092 13856.367168512745 
2093 13856.367168512745 
2094 20009.16810525812  
2095 20009.16810525812  
2096 20009.16810525812  
2097 20009.16810525812  
2098 20009.16810525812  
2099 20009.16810525812  
2100 20009.16810525812  
2101 20009.16810525812  
2102 20009.16810525812  
2103 20009.16810525812  
2104 20009.16810525812  
2105 20009.16810525812  
2106 20009.16810525812  
2107 20009.16810525812  
2108 20009.16810525812  
2109 20009.16810525812  
2110 20009.16810525812  
2111 20009.16810525812  
2112 20009.16810525812  
2113 20009.16810525812  
2114 20009.16810525812  
2115 20009.16810525812  
2116 20009.16810525812  
2117 14202.227608646239 
2118 14202.227608646239 
2119 14202.227608646239 
2120 14202.227608646239 
2121 14202.227608646239 
2122 14202.227608646239 
2123 14202.227608646239 
2124 14202.227608646239 
2125 14202.227608646239 
2126 14202.227608646239 
2127 14202.227608646239 
2128 14202.227608646239 
2129 14202.227608646239 
2130 14202.227608646239 
2131 14202.227608646239 
2132 14202.227608646239 
2133 14202.227608646239 
2134 14202.227608646239 
2135 14202.227608646239 
2136 14202.227608646239 
2137 14202.227608646239 
2138 14202.227608646239 
2139 14202.227608646239 
2140 14202.227608646239 
2141 14202.227608646239 
2142 14202.227608646239 
2143 14202.227608646239 
2144 14202.227608646239 
2145 14202.227608646239 
2146 14202.227608646239 
2147 14202.227608646239 
2148 20346.521231822095 
2149 20346.521231822095 
2150 20346.521231822095 
2151 20346.521231822095 
2152 20346.521231822095 
2153 20346.521231822095 
2154 20346.521231822095 
2155 20346.521231822095 
2156 20346.521231822095 
2157 20346.521231822095 
2158 20346.521231822095 
2159 20346.521231822095 
2160 20346.521231822095 
2161 20346.521231822095 
2162 20346.521231822095 
2163 20346.521231822095 
2164 20346.521231822095 
2165 20346.521231822095 
2166 20346.521231822095 
2167 20346.521231822095 
2168 20346.521231822095 
2169 20346.521231822095 
2170 20346.521231822095 
2171 14539.623296951191 
2172 14539.623296951191 
2173 14539.623296951191 
2174 14539.623296951191 
2175 14539.623296951191 
2176 14539.623296951191 
2177 14539.623296951191 
2178 14539.623296951191 
2179 14539.623296951191 
2180 14539.623296951191 
2181 14539.623296951191 
2182 14539.623296951191 
2183 14539.623296951191 
2184 14539.623296951191 
2185 14539.623296951191 
2186 14539.623296951191 
2187 14539.623296951191 
2188 14539.623296951191 
2189 14539.623296951191 
2190 14539.623296951191 
2191 14539.623296951191 
2192 14539.623296951191 
2193 14539.623296951191 
2194 14539.623296951191 
2195 14539.623296951191 
2196 14539.623296951191 
2197 14539.623296951191 
2198 14539.623296951191 
2199 14539.623296951191 
2200 14539.623296951191 
2201 14539.623296951191 
2202 20685.30473267506  
2203 20685.30473267506  
2204 20685.30473267506  
2205 20685.30473267506  
2206 20685.30473267506  
2207 20685.30473267506  
2208 20685.30473267506  
2209 20685.30473267506  
2210 20685.30473267506  
2211 20685.30473267506  
2212 20685.30473267506  
2213 20685.30473267506  
2214 20685.30473267506  
2215 20685.30473267506  
2216 20685.30473267506  
2217 20685.30473267506  
2218 20685.30473267506  
2219 20685.30473267506  
2220 20685.30473267506  
2221 20685.30473267506  
2222 20685.30473267506  
2223 20685.30473267506  
2224 20685.30473267506  
2225 14878.48542866372  
2226 14878.48542866372  
2227 14878.48542866372  
2228 14878.48542866372  
2229 14878.48542866372  
2230 14878.48542866372  
2231 14878.48542866372  
2232 14878.48542866372  
2233 14878.48542866372  
2234 14878.48542866372  
2235 14878.48542866372  
2236 14878.48542866372  
2237 14878.48542866372  
2238 14878.48542866372  
2239 14878.48542866372  
2240 14878.48542866372  
2241 14878.48542866372  
2242 14878.48542866372  
2243 14878.48542866372  
2244 14878.48542866372  
2245 14878.48542866372  
2246 14878.48542866372  
2247 14878.48542866372  
2248 14878.48542866372  
2249 14878.48542866372  
2250 14878.48542866372  
2251 14878.48542866372  
2252 14878.48542866372  
2253 14878.48542866372  
2254 14878.48542866372  
2255 14878.48542866372  
2256 20996.831859969647 
2257 20996.831859969647 
2258 20996.831859969647 
2259 20996.831859969647 
2260 20996.831859969647 
2261 20996.831859969647 
2262 20996.831859969647 
2263 20996.831859969647 
2264 20996.831859969647 
2265 20996.831859969647 
2266 20996.831859969647 
2267 20996.831859969647 
2268 20996.831859969647 
2269 20996.831859969647 
2270 20996.831859969647 
2271 20996.831859969647 
2272 20996.831859969647 
2273 20996.831859969647 
2274 20996.831859969647 
2275 20996.831859969647 
2276 20996.831859969647 
2277 20996.831859969647 
2278 20996.831859969647 
2279 15189.997262796966 
2280 15189.997262796966 
2281 15189.997262796966 
2282 15189.997262796966 
2283 15189.997262796966 
2284 15189.997262796966 
2285 15189.997262796966 
2286 15189.997262796966 
2287 15189.997262796966 
2288 15189.997262796966 
2289 15189.997262796966 
2290 15189.997262796966 
2291 15189.997262796966 
2292 15189.997262796966 
2293 15189.997262796966 
2294 15189.997262796966 
2295 15189.997262796966 
2296 15189.997262796966 
2297 15189.997262796966 
2298 15189.997262796966 
2299 15189.997262796966 
2300 15189.997262796966 
2301 15189.997262796966 
2302 15189.997262796966 
2303 15189.997262796966 
2304 15189.997262796966 
2305 15189.997262796966 
2306 15189.997262796966 
2307 15189.997262796966 
2308 15189.997262796966 
2309 15189.997262796966 
2310 21306.271787258243 
2311 21306.271787258243 
2312 21306.271787258243 
2313 21306.271787258243 
2314 21306.271787258243 
2315 21306.271787258243 
2316 21306.271787258243 
2317 21306.271787258243 
2318 21306.271787258243 
2319 21306.271787258243 
2320 21306.271787258243 
2321 21306.271787258243 
2322 21306.271787258243 
2323 21306.271787258243 
2324 21306.271787258243 
2325 21306.271787258243 
2326 21306.271787258243 
2327 21306.271787258243 
2328 21306.271787258243 
2329 21306.271787258243 
2330 21306.271787258243 
2331 21306.271787258243 
2332 21306.271787258243 
2333 15499.484588531064 
2334 15499.484588531064 
2335 15499.484588531064 
2336 15499.484588531064 
2337 15499.484588531064 
2338 15499.484588531064 
2339 15499.484588531064 
2340 15499.484588531064 
2341 15499.484588531064 
2342 15499.484588531064 
2343 15499.484588531064 
2344 15499.484588531064 
2345 15499.484588531064 
2346 15499.484588531064 
2347 15499.484588531064 
2348 15499.484588531064 
2349 15499.484588531064 
2350 15499.484588531064 
2351 15499.484588531064 
2352 15499.484588531064 
2353 15499.484588531064 
2354 15499.484588531064 
2355 15499.484588531064 
2356 15499.484588531064 
2357 15499.484588531064 
2358 15499.484588531064 
2359 15499.484588531064 
2360 15499.484588531064 
2361 15499.484588531064 
2362 15499.484588531064 
2363 15499.484588531064 
2364 21608.502827455457 
2365 21608.502827455457 
2366 21608.502827455457 
2367 21608.502827455457 
2368 21608.502827455457 
2369 21608.502827455457 
2370 21608.502827455457 
2371 21608.502827455457 
2372 21608.502827455457 
2373 21608.502827455457 
2374 21608.502827455457 
2375 21608.502827455457 
2376 21608.502827455457 
2377 21608.502827455457 
2378 21608.502827455457 
2379 21608.502827455457 
2380 21608.502827455457 
2381 21608.502827455457 
2382 21608.502827455457 
2383 21608.502827455457 
2384 21608.502827455457 
2385 21608.502827455457 
2386 21608.502827455457 
2387 15801.739034339707 
2388 15801.739034339707 
2389 15801.739034339707 
2390 15801.739034339707 
2391 15801.739034339707 
2392 15801.739034339707 
2393 15801.739034339707 
2394 15801.739034339707 
2395 15801.739034339707 
2396 15801.739034339707 
2397 15801.739034339707 
2398 15801.739034339707 
2399 15801.739034339707 
2400 15801.739034339707 
2401 15801.739034339707 
2402 15801.739034339707 
2403 15801.739034339707 
2404 15801.739034339707 
2405 15801.739034339707 
2406 15801.739034339707 
2407 15801.739034339707 
2408 15801.739034339707 
2409 15801.739034339707 
2410 15801.739034339707 
2411 15801.739034339707 
2412 15801.739034339707 
2413 15801.739034339707 
2414 15801.739034339707 
2415 15801.739034339707 
2416 15801.739034339707 
2417 15801.739034339707 
2418 21918.048630134297 
2419 21918.048630134297 
2420 21918.048630134297 
2421 21918.048630134297 
2422 21918.048630134297 
2423 21918.048630134297 
2424 21918.048630134297 
2425 21918.048630134297 
2426 21918.048630134297 
2427 21918.048630134297 
2428 21918.048630134297 
2429 21918.048630134297 
2430 21918.048630134297 
2431 21918.048630134297 
2432 21918.048630134297 
2433 21918.048630134297 
2434 21918.048630134297 
2435 21918.048630134297 
2436 21918.048630134297 
2437 21918.048630134297 
2438 21918.048630134297 
2439 21918.048630134297 
2440 21918.048630134297 
2441 16111.297311664037 
2442 16111.297311664037 
2443 16111.297311664037 
2444 16111.297311664037 
2445 16111.297311664037 
2446 16111.297311664037 
2447 16111.297311664037 
2448 16111.297311664037 
2449 16111.297311664037 
2450 16111.297311664037 
2451 16111.297311664037 
2452 16111.297311664037 
2453 16111.297311664037 
2454 16111.297311664037 
2455 16111.297311664037 
2456 16111.297311664037 
2457 16111.297311664037 
2458 16111.297311664037 
2459 16111.297311664037 
2460 16111.297311664037 
2461 16111.297311664037 
2462 16111.297311664037 
2463 16111.297311664037 
2464 16111.297311664037 
2465 16111.297311664037 
2466 16111.297311664037 
2467 16111.297311664037 
2468 16111.297311664037 
2469 16111.297311664037 
2470 16111.297311664037 
2471 16111.297311664037 
2472 22224.682111654318 
2473 22224.682111654318 
2474 22224.682111654318 
2475 22224.682111654318 
2476 22224.682111654318 
2477 22224.682111654318 
2478 22224.682111654318 
2479 22224.682111654318 
2480 22224.682111654318 
2481 22224.682111654318 
2482 22224.682111654318 
2483 22224.682111654318 
2484 22224.682111654318 
2485 22224.682111654318 
2486 22224.682111654318 
2487 22224.682111654318 
2488 22224.682111654318 
2489 22224.682111654318 
2490 22224.682111654318 
2491 22224.682111654318 
2492 22224.682111654318 
2493 22224.682111654318 
2494 22224.682111654318 
2495 16417.965884728976 
2496 16417.965884728976 
2497 16417.965884728976 
2498 16417.965884728976 
2499 16417.965884728976 
2500 16417.965884728976 
2501 16417.965884728976 
2502 16417.965884728976 
2503 16417.965884728976 
2504 16417.965884728976 
2505 16417.965884728976 
2506 16417.965884728976 
2507 16417.965884728976 
2508 16417.965884728976 
2509 16417.965884728976 
2510 16417.965884728976 
2511 16417.965884728976 
2512 16417.965884728976 
2513 16417.965884728976 
2514 16417.965884728976 
2515 16417.965884728976 
2516 16417.965884728976 
2517 16417.965884728976 
2518 16417.965884728976 
2519 16417.965884728976 
2520 16417.965884728976 
2521 16417.965884728976 
2522 16417.965884728976 
2523 16417.965884728976 
2524 16417.965884728976 
2525 16417.965884728976 
2526 22531.773947919126 
2527 22531.773947919126 
2528 22531.773947919126 
2529 22531.773947919126 
2530 22531.773947919126 
2531 22531.773947919126 
2532 22531.773947919126 
2533 22531.773947919126 
2534 22531.773947919126 
2535 22531.773947919126 
2536 22531.773947919126 
2537 22531.773947919126 
2538 22531.773947919126 
2539 22531.773947919126 
2540 22531.773947919126 
2541 22531.773947919126 
2542 22531.773947919126 
2543 22531.773947919126 
2544 22531.773947919126 
2545 22531.773947919126 
2546 22531.773947919126 
2547 22531.773947919126 
2548 22531.773947919126 
2549 16725.086079148186 
2550 16725.086079148186 
2551 16725.086079148186 
2552 16725.086079148186 
2553 16725.086079148186 
2554 16725.086079148186 
2555 16725.086079148186 
2556 16725.086079148186 
2557 16725.086079148186 
2558 16725.086079148186 
2559 16725.086079148186 
2560 16725.086079148186 
2561 16725.086079148186 
2562 16725.086079148186 
2563 16725.086079148186 
2564 16725.086079148186 
2565 16725.086079148186 
2566 16725.086079148186 
2567 16725.086079148186 
2568 16725.086079148186 
2569 16725.086079148186 
2570 16725.086079148186 
2571 16725.086079148186 
2572 16725.086079148186 
2573 16725.086079148186 
2574 16725.086079148186 
2575 16725.086079148186 
2576 16725.086079148186 
2577 16725.086079148186 
2578 16725.086079148186 
2579 16725.086079148186 
2580 22841.47918181332  
2581 22841.47918181332  
2582 22841.47918181332  
2583 22841.47918181332  
2584 22841.47918181332  
2585 22841.47918181332  
2586 22841.47918181332  
2587 22841.47918181332  
2588 22841.47918181332  
2589 22841.47918181332  
2590 22841.47918181332  
2591 22841.47918181332  
2592 22841.47918181332  
2593 22841.47918181332  
2594 22841.47918181332  
2595 22841.47918181332  
2596 22841.47918181332  
2597 22841.47918181332  
2598 22841.47918181332  
2599 22841.47918181332  
2600 22841.47918181332  
2601 22841.47918181332  
2602 22841.47918181332  
2603 17034.801731963526 
2604 17034.801731963526 
2605 17034.801731963526 
2606 17034.801731963526 
2607 17034.801731963526 
2608 17034.801731963526 
2609 17034.801731963526 
2610 17034.801731963526 
2611 17034.801731963526 
2612 17034.801731963526 
2613 17034.801731963526 
2614 17034.801731963526 
2615 17034.801731963526 
2616 17034.801731963526 
2617 17034.801731963526 
2618 17034.801731963526 
2619 17034.801731963526 
2620 17034.801731963526 
2621 17034.801731963526 
2622 17034.801731963526 
2623 17034.801731963526 
2624 17034.801731963526 
2625 17034.801731963526 
2626 17034.801731963526 
2627 17034.801731963526 
2628 17034.801731963526 
2629 17034.801731963526 
2630 17034.801731963526 
2631 17034.801731963526 
2632 17034.801731963526 
2633 17034.801731963526 
2634 23149.06888274047  
2635 23149.06888274047  
2636 23149.06888274047  
2637 23149.06888274047  
2638 23149.06888274047  
2639 23149.06888274047  
2640 23149.06888274047  
2641 23149.06888274047  
2642 23149.06888274047  
2643 23149.06888274047  
2644 23149.06888274047  
2645 23149.06888274047  
2646 23149.06888274047  
2647 23149.06888274047  
2648 23149.06888274047  
2649 23149.06888274047  
2650 23149.06888274047  
2651 23149.06888274047  
2652 23149.06888274047  
2653 23149.06888274047  
2654 23149.06888274047  
2655 23149.06888274047  
2656 23149.06888274047  
2657 17342.427226984684 
2658 17342.427226984684 
2659 17342.427226984684 
2660 17342.427226984684 
2661 17342.427226984684 
2662 17342.427226984684 
2663 17342.427226984684 
2664 17342.427226984684 
2665 17342.427226984684 
2666 17342.427226984684 
2667 17342.427226984684 
2668 17342.427226984684 
2669 17342.427226984684 
2670 17342.427226984684 
2671 17342.427226984684 
2672 17342.427226984684 
2673 17342.427226984684 
2674 17342.427226984684 
2675 17342.427226984684 
2676 17342.427226984684 
2677 17342.427226984684 
2678 17342.427226984684 
2679 17342.427226984684 
2680 17342.427226984684 
2681 17342.427226984684 
2682 17342.427226984684 
2683 17342.427226984684 
2684 17342.427226984684 
2685 17342.427226984684 
2686 17342.427226984684 
2687 17342.427226984684 
2688 23455.96237416313  
2689 23455.96237416313  
2690 23455.96237416313  
2691 23455.96237416313  
2692 23455.96237416313  
2693 23455.96237416313  
2694 23455.96237416313  
2695 23455.96237416313  
2696 23455.96237416313  
2697 23455.96237416313  
2698 23455.96237416313  
2699 23455.96237416313  
2700 23455.96237416313  
2701 23455.96237416313  
2702 23455.96237416313  
2703 23455.96237416313  
2704 23455.96237416313  
2705 23455.96237416313  
2706 23455.96237416313  
2707 23455.96237416313  
2708 23455.96237416313  
2709 23455.96237416313  
2710 23455.96237416313  
2711 17649.343220318387 
2712 17649.343220318387 
2713 17649.343220318387 
2714 17649.343220318387 
2715 17649.343220318387 
2716 17649.343220318387 
2717 17649.343220318387 
2718 17649.343220318387 
2719 17649.343220318387 
2720 17649.343220318387 
2721 17649.343220318387 
2722 17649.343220318387 
2723 17649.343220318387 
2724 17649.343220318387 
2725 17649.343220318387 
2726 17649.343220318387 
2727 17649.343220318387 
2728 17649.343220318387 
2729 17649.343220318387 
2730 17649.343220318387 
2731 17649.343220318387 
2732 17649.343220318387 
2733 17649.343220318387 
2734 17649.343220318387 
2735 17649.343220318387 
2736 17649.343220318387 
2737 17649.343220318387 
2738 17649.343220318387 
2739 17649.343220318387 
2740 17649.343220318387 
2741 17649.343220318387 
2742 23764.83728629502  
2743 23764.83728629502  
2744 23764.83728629502  
2745 23764.83728629502  
2746 23764.83728629502  
2747 23764.83728629502  
2748 23764.83728629502  
2749 23764.83728629502  
2750 23764.83728629502  
2751 23764.83728629502  
2752 23764.83728629502  
2753 23764.83728629502  
2754 23764.83728629502  
2755 23764.83728629502  
2756 23764.83728629502  
2757 23764.83728629502  
2758 23764.83728629502  
2759 23764.83728629502  
2760 23764.83728629502  
2761 23764.83728629502  
2762 23764.83728629502  
2763 23764.83728629502  
2764 23764.83728629502  
2765 17958.233469573857 
2766 17958.233469573857 
2767 17958.233469573857 
2768 17958.233469573857 
2769 17958.233469573857 
2770 17958.233469573857 
2771 17958.233469573857 
2772 17958.233469573857 
2773 17958.233469573857 
2774 17958.233469573857 
2775 17958.233469573857 
2776 17958.233469573857 
2777 17958.233469573857 
2778 17958.233469573857 
2779 17958.233469573857 
2780 17958.233469573857 
2781 17958.233469573857 
2782 17958.233469573857 
2783 17958.233469573857 
2784 17958.233469573857 
2785 17958.233469573857 
2786 17958.233469573857 
2787 17958.233469573857 
2788 17958.233469573857 
2789 17958.233469573857 
2790 17958.233469573857 
2791 17958.233469573857 
2792 17958.233469573857 
2793 17958.233469573857 
2794 17958.233469573857 
2795 17958.233469573857 
2796 24070.94606889032  
2797 24070.94606889032  
2798 24070.94606889032  
2799 24070.94606889032  
2800 24070.94606889032  
2801 24070.94606889032  
2802 24070.94606889032  
2803 24070.94606889032  
2804 24070.94606889032  
2805 24070.94606889032  
2806 24070.94606889032  
2807 24070.94606889032  
2808 24070.94606889032  
2809 24070.94606889032  
2810 24070.94606889032  
2811 24070.94606889032  
2812 24070.94606889032  
2813 24070.94606889032  
2814 24070.94606889032  
2815 24070.94606889032  
2816 24070.94606889032  
2817 24070.94606889032  
2818 24070.94606889032  
2819 18291.983999205775 
2820 18291.983999205775 
2821 18291.983999205775 
2822 18291.983999205775 
2823 18291.983999205775 
2824 18291.983999205775 
2825 18291.983999205775 
2826 18291.983999205775 
2827 18291.983999205775 
2828 18291.983999205775 
2829 18291.983999205775 
2830 18291.983999205775 
2831 18291.983999205775 
2832 18291.983999205775 
2833 18291.983999205775 
2834 18291.983999205775 
2835 18291.983999205775 
2836 18291.983999205775 
2837 18291.983999205775 
2838 18291.983999205775 
2839 18291.983999205775 
2840 18291.983999205775 
2841 18291.983999205775 
2842 18291.983999205775 
2843 18291.983999205775 
2844 18291.983999205775 
2845 18291.983999205775 
2846 18291.983999205775 
2847 18291.983999205775 
2848 18291.983999205775 
2849 18291.983999205775 
2850 24404.251556634626 
2851 24404.251556634626 
2852 24404.251556634626 
2853 24404.251556634626 
2854 24404.251556634626 
2855 24404.251556634626 
2856 24404.251556634626 
2857 24404.251556634626 
2858 24404.251556634626 
2859 24404.251556634626 
2860 24404.251556634626 
2861 24404.251556634626 
2862 24404.251556634626 
2863 24404.251556634626 
2864 24404.251556634626 
2865 24404.251556634626 
2866 24404.251556634626 
2867 24404.251556634626 
2868 24404.251556634626 
2869 24404.251556634626 
2870 24404.251556634626 
2871 24404.251556634626 
2872 24404.251556634626 
2873 18597.687106128767 
2874 18597.687106128767 
2875 18597.687106128767 
2876 18597.687106128767 
2877 18597.687106128767 
2878 18597.687106128767 
2879 18597.687106128767 
2880 18597.687106128767 
2881 18597.687106128767 
2882 18597.687106128767 
2883 18597.687106128767 
2884 18597.687106128767 
2885 18597.687106128767 
2886 18597.687106128767 
2887 18597.687106128767 
2888 18597.687106128767 
2889 18597.687106128767 
2890 18597.687106128767 
2891 18597.687106128767 
2892 18597.687106128767 
2893 18597.687106128767 
2894 18597.687106128767 
2895 18597.687106128767 
2896 18597.687106128767 
2897 18597.687106128767 
2898 18597.687106128767 
2899 18597.687106128767 
2900 18597.687106128767 
2901 18597.687106128767 
2902 18597.687106128767 
2903 18597.687106128767 
2904 24711.262477999357 
2905 24711.262477999357 
2906 24711.262477999357 
2907 24711.262477999357 
2908 24711.262477999357 
2909 24711.262477999357 
2910 24711.262477999357 
2911 24711.262477999357 
2912 24711.262477999357 
2913 24711.262477999357 
2914 24711.262477999357 
2915 24711.262477999357 
2916 24711.262477999357 
2917 24711.262477999357 
2918 24711.262477999357 
2919 24711.262477999357 
2920 24711.262477999357 
2921 24711.262477999357 
2922 24711.262477999357 
2923 24711.262477999357 
2924 24711.262477999357 
2925 24711.262477999357 
2926 24711.262477999357 
2927 18904.76189392668  
2928 18904.76189392668  
2929 18904.76189392668  
2930 18904.76189392668  
2931 18904.76189392668  
2932 18904.76189392668  
2933 18904.76189392668  
2934 18904.76189392668  
2935 18904.76189392668  
2936 18904.76189392668  
2937 18904.76189392668  
2938 18904.76189392668  
2939 18904.76189392668  
2940 18904.76189392668  
2941 18904.76189392668  
2942 18904.76189392668  
2943 18904.76189392668  
2944 18904.76189392668  
2945 18904.76189392668  
2946 18904.76189392668  
2947 18904.76189392668  
2948 18904.76189392668  
2949 18904.76189392668  
2950 18904.76189392668  
2951 18904.76189392668  
2952 18904.76189392668  
2953 18904.76189392668  
2954 18904.76189392668  
2955 18904.76189392668  
2956 18904.76189392668  
2957 18904.76189392668  
2958 24986.317335740907 
2959 24986.317335740907 
2960 24986.317335740907 
2961 24986.317335740907 
2962 24986.317335740907 
2963 24986.317335740907 
2964 24986.317335740907 
2965 24986.317335740907 
2966 24986.317335740907 
2967 24986.317335740907 
2968 24986.317335740907 
2969 24986.317335740907 
2970 24986.317335740907 
2971 24986.317335740907 
2972 24986.317335740907 
2973 24986.317335740907 
2974 24986.317335740907 
2975 24986.317335740907 
2976 24986.317335740907 
2977 24986.317335740907 
2978 24986.317335740907 
2979 24986.317335740907 
2980 24986.317335740907 
2981 19207.439562474472 
2982 19207.439562474472 
2983 19207.439562474472 
2984 19207.439562474472 
2985 19207.439562474472 
2986 19207.439562474472 
2987 19207.439562474472 
2988 19207.439562474472 
2989 19207.439562474472 
2990 19207.439562474472 
2991 19207.439562474472 
2992 19207.439562474472 
2993 19207.439562474472 
2994 19207.439562474472 
2995 19207.439562474472 
2996 19207.439562474472 
2997 19207.439562474472 
2998 19207.439562474472 
2999 19207.439562474472 
3000 19207.439562474472 
3001 19207.439562474472 
3002 19207.439562474472 
3003 19207.439562474472 
3004 19207.439562474472 
3005 19207.439562474472 
3006 19207.439562474472 
3007 19207.439562474472 
3008 19207.439562474472 
3009 19207.439562474472 
3010 19207.439562474472 
3011 19207.439562474472 
3012 25320.795737062726 
3013 25320.795737062726 
3014 25320.795737062726 
3015 25320.795737062726 
3016 25320.795737062726 
3017 25320.795737062726 
3018 25320.795737062726 
3019 25320.795737062726 
3020 25320.795737062726 
3021 25320.795737062726 
3022 25320.795737062726 
3023 25320.795737062726 
3024 25320.795737062726 
3025 25320.795737062726 
3026 25320.795737062726 
3027 25320.795737062726 
3028 25320.795737062726 
3029 25320.795737062726 
3030 25320.795737062726 
3031 25320.795737062726 
3032 25320.795737062726 
3033 25320.795737062726 
3034 25320.795737062726 
3035 19541.913518050114 
3036 19541.913518050114 
3037 19541.913518050114 
3038 19541.913518050114 
3039 19541.913518050114 
3040 19541.913518050114 
3041 19541.913518050114 
3042 19541.913518050114 
3043 19541.913518050114 
3044 19541.913518050114 
3045 19541.913518050114 
3046 19541.913518050114 
3047 19541.913518050114 
3048 19541.913518050114 
3049 19541.913518050114 
3050 19541.913518050114 
3051 19541.913518050114 
3052 19541.913518050114 
3053 19541.913518050114 
3054 19541.913518050114 
3055 19541.913518050114 
3056 19541.913518050114 
3057 19541.913518050114 
3058 19541.913518050114 
3059 19541.913518050114 
3060 19541.913518050114 
3061 19541.913518050114 
3062 19541.913518050114 
3063 19541.913518050114 
3064 19541.913518050114 
3065 19541.913518050114 
3066 25647.028887760327 
3067 25647.028887760327 
3068 25647.028887760327 
3069 25647.028887760327 
3070 25647.028887760327 
3071 25647.028887760327 
3072 25647.028887760327 
3073 25647.028887760327 
3074 25647.028887760327 
3075 25647.028887760327 
3076 25647.028887760327 
3077 25647.028887760327 
3078 25647.028887760327 
3079 25647.028887760327 
3080 25647.028887760327 
3081 25647.028887760327 
3082 25647.028887760327 
3083 25647.028887760327 
3084 25647.028887760327 
3085 25647.028887760327 
3086 25647.028887760327 
3087 25647.028887760327 
3088 25647.028887760327 
3089 19868.17987906237  
3090 19868.17987906237  
3091 19868.17987906237  
3092 19868.17987906237  
3093 19868.17987906237  
3094 19868.17987906237  
3095 19868.17987906237  
3096 19868.17987906237  
3097 19868.17987906237  
3098 19868.17987906237  
3099 19868.17987906237  
3100 19868.17987906237  
3101 19868.17987906237  
3102 19868.17987906237  
3103 19868.17987906237  
3104 19868.17987906237  
3105 19868.17987906237  
3106 19868.17987906237  
3107 19868.17987906237  
3108 19868.17987906237  
3109 19868.17987906237  
3110 19868.17987906237  
3111 19868.17987906237  
3112 19868.17987906237  
3113 19868.17987906237  
3114 19868.17987906237  
3115 19868.17987906237  
3116 19868.17987906237  
3117 19868.17987906237  
3118 19868.17987906237  
3119 19868.17987906237  
3120 25944.848325453353 
3121 25944.848325453353 
3122 25944.848325453353 
3123 25944.848325453353 
3124 25944.848325453353 
3125 25944.848325453353 
3126 25944.848325453353 
3127 25944.848325453353 
3128 25944.848325453353 
3129 25944.848325453353 
3130 25944.848325453353 
3131 25944.848325453353 
3132 25944.848325453353 
3133 25944.848325453353 
3134 25944.848325453353 
3135 25944.848325453353 
3136 25944.848325453353 
3137 25944.848325453353 
3138 25944.848325453353 
3139 25944.848325453353 
3140 25944.848325453353 
3141 25944.848325453353 
3142 25944.848325453353 
3143 20166.01574873721  
3144 20166.01574873721  
3145 20166.01574873721  
3146 20166.01574873721  
3147 20166.01574873721  
3148 20166.01574873721  
3149 20166.01574873721  
3150 20166.01574873721  
3151 20166.01574873721  
3152 20166.01574873721  
3153 20166.01574873721  
3154 20166.01574873721  
3155 20166.01574873721  
3156 20166.01574873721  
3157 20166.01574873721  
3158 20166.01574873721  
3159 20166.01574873721  
3160 20166.01574873721  
3161 20166.01574873721  
3162 20166.01574873721  
3163 20166.01574873721  
3164 20166.01574873721  
3165 20166.01574873721  
3166 20166.01574873721  
3167 20166.01574873721  
3168 20166.01574873721  
3169 20166.01574873721  
3170 20166.01574873721  
3171 20166.01574873721  
3172 20166.01574873721  
3173 20166.01574873721  
3174 26246.33476591212  
3175 26246.33476591212  
3176 26246.33476591212  
3177 26246.33476591212  
3178 26246.33476591212  
3179 26246.33476591212  
3180 26246.33476591212  
3181 26246.33476591212  
3182 26246.33476591212  
3183 26246.33476591212  
3184 26246.33476591212  
3185 26246.33476591212  
3186 26246.33476591212  
3187 26246.33476591212  
3188 26246.33476591212  
3189 26246.33476591212  
3190 26246.33476591212  
3191 26246.33476591212  
3192 26246.33476591212  
3193 26246.33476591212  
3194 26246.33476591212  
3195 26246.33476591212  
3196 26246.33476591212  
3197 20467.528954857575 
3198 20467.528954857575 
3199 20467.528954857575 
3200 20467.528954857575 
3201 20467.528954857575 
3202 20467.528954857575 
3203 20467.528954857575 
3204 20467.528954857575 
3205 20467.528954857575 
3206 20467.528954857575 
3207 20467.528954857575 
3208 20467.528954857575 
3209 20467.528954857575 
3210 20467.528954857575 
3211 20467.528954857575 
3212 20467.528954857575 
3213 20467.528954857575 
3214 20467.528954857575 
3215 20467.528954857575 
3216 20467.528954857575 
3217 20467.528954857575 
3218 20467.528954857575 
3219 20467.528954857575 
3220 20467.528954857575 
3221 20467.528954857575 
3222 20467.528954857575 
3223 20467.528954857575 
3224 20467.528954857575 
3225 20467.528954857575 
3226 20467.528954857575 
3227 20467.528954857575 
3228 26545.101042084534 
3229 26545.101042084534 
3230 26545.101042084534 
3231 26545.101042084534 
3232 26545.101042084534 
3233 26545.101042084534 
3234 26545.101042084534 
3235 26545.101042084534 
3236 26545.101042084534 
3237 26545.101042084534 
3238 26545.101042084534 
3239 26545.101042084534 
3240 26545.101042084534 
3241 26545.101042084534 
3242 26545.101042084534 
3243 26545.101042084534 
3244 26545.101042084534 
3245 26545.101042084534 
3246 26545.101042084534 
3247 26545.101042084534 
3248 26545.101042084534 
3249 26545.101042084534 
3250 26545.101042084534 
3251 20793.919472391124 
3252 20793.919472391124 
3253 20793.919472391124 
3254 20793.919472391124 
3255 20793.919472391124 
3256 20793.919472391124 
3257 20793.919472391124 
3258 20793.919472391124 
3259 20793.919472391124 
3260 20793.919472391124 
3261 20793.919472391124 
3262 20793.919472391124 
3263 20793.919472391124 
3264 20793.919472391124 
3265 20793.919472391124 
3266 20793.919472391124 
3267 20793.919472391124 
3268 20793.919472391124 
3269 20793.919472391124 
3270 20793.919472391124 
3271 20793.919472391124 
3272 20793.919472391124 
3273 20793.919472391124 
3274 20793.919472391124 
3275 20793.919472391124 
3276 20793.919472391124 
3277 20793.919472391124 
3278 20793.919472391124 
3279 20793.919472391124 
3280 20793.919472391124 
3281 20793.919472391124 
3282 26871.296359650754 
3283 26871.296359650754 
3284 26871.296359650754 
3285 26871.296359650754 
3286 26871.296359650754 
3287 26871.296359650754 
3288 26871.296359650754 
3289 26871.296359650754 
3290 26871.296359650754 
3291 26871.296359650754 
3292 26871.296359650754 
3293 26871.296359650754 
3294 26871.296359650754 
3295 26871.296359650754 
3296 26871.296359650754 
3297 26871.296359650754 
3298 26871.296359650754 
3299 26871.296359650754 
3300 26871.296359650754 
3301 26871.296359650754 
3302 26871.296359650754 
3303 26871.296359650754 
3304 26871.296359650754 
3305 21120.13669944071  
3306 21120.13669944071  
3307 21120.13669944071  
3308 21120.13669944071  
3309 21120.13669944071  
3310 21120.13669944071  
3311 21120.13669944071  
3312 21120.13669944071  
3313 21120.13669944071  
3314 21120.13669944071  
3315 21120.13669944071  
3316 21120.13669944071  
3317 21120.13669944071  
3318 21120.13669944071  
3319 21120.13669944071  
3320 21120.13669944071  
3321 21120.13669944071  
3322 21120.13669944071  
3323 21120.13669944071  
3324 21120.13669944071  
3325 21120.13669944071  
3326 21120.13669944071  
3327 21120.13669944071  
3328 21120.13669944071  
3329 21120.13669944071  
3330 21120.13669944071  
3331 21120.13669944071  
3332 21120.13669944071  
3333 21120.13669944071  
3334 21120.13669944071  
3335 21120.13669944071  
3336 27196.15253143052  
3337 27196.15253143052  
3338 27196.15253143052  
3339 27196.15253143052  
3340 27196.15253143052  
3341 27196.15253143052  
3342 27196.15253143052  
3343 27196.15253143052  
3344 27196.15253143052  
3345 27196.15253143052  
3346 27196.15253143052  
3347 27196.15253143052  
3348 27196.15253143052  
3349 27196.15253143052  
3350 27196.15253143052  
3351 27196.15253143052  
3352 27196.15253143052  
3353 27196.15253143052  
3354 27196.15253143052  
3355 27196.15253143052  
3356 27196.15253143052  
3357 27196.15253143052  
3358 27196.15253143052  
3359 21445.00732740817  
3360 21445.00732740817  
3361 21445.00732740817  
3362 21445.00732740817  
3363 21445.00732740817  
3364 21445.00732740817  
3365 21445.00732740817  
3366 21445.00732740817  
3367 21445.00732740817  
3368 21445.00732740817  
3369 21445.00732740817  
3370 21445.00732740817  
3371 21445.00732740817  
3372 21445.00732740817  
3373 21445.00732740817  
3374 21445.00732740817  
3375 21445.00732740817  
3376 21445.00732740817  
3377 21445.00732740817  
3378 21445.00732740817  
3379 21445.00732740817  
3380 21445.00732740817  
3381 21445.00732740817  
3382 21445.00732740817  
3383 21445.00732740817  
3384 21445.00732740817  
3385 21445.00732740817  
3386 21445.00732740817  
3387 21445.00732740817  
3388 21445.00732740817  
3389 21445.00732740817  
3390 27491.621950424895 
3391 27491.621950424895 
3392 27491.621950424895 
3393 27491.621950424895 
3394 27491.621950424895 
3395 27491.621950424895 
3396 27491.621950424895 
3397 27491.621950424895 
3398 27491.621950424895 
3399 27491.621950424895 
3400 27491.621950424895 
3401 27491.621950424895 
3402 27491.621950424895 
3403 27491.621950424895 
3404 27491.621950424895 
3405 27491.621950424895 
3406 27491.621950424895 
3407 27491.621950424895 
3408 27491.621950424895 
3409 27491.621950424895 
3410 27491.621950424895 
3411 27491.621950424895 
3412 27491.621950424895 
3413 21740.510291391976 
3414 21740.510291391976 
3415 21740.510291391976 
3416 21740.510291391976 
3417 21740.510291391976 
3418 21740.510291391976 
3419 21740.510291391976 
3420 21740.510291391976 
3421 21740.510291391976 
3422 21740.510291391976 
3423 21740.510291391976 
3424 21740.510291391976 
3425 21740.510291391976 
3426 21740.510291391976 
3427 21740.510291391976 
3428 21740.510291391976 
3429 21740.510291391976 
3430 21740.510291391976 
3431 21740.510291391976 
3432 21740.510291391976 
3433 21740.510291391976 
3434 21740.510291391976 
3435 21740.510291391976 
3436 21740.510291391976 
3437 21740.510291391976 
3438 21740.510291391976 
3439 21740.510291391976 
3440 21740.510291391976 
3441 21740.510291391976 
3442 21740.510291391976 
3443 21740.510291391976 
3444 27786.289452654088 
3445 27786.289452654088 
3446 27786.289452654088 
3447 27786.289452654088 
3448 27786.289452654088 
3449 27786.289452654088 
3450 27786.289452654088 
3451 27786.289452654088 
3452 27786.289452654088 
3453 27786.289452654088 
3454 27786.289452654088 
3455 27786.289452654088 
3456 27786.289452654088 
3457 27786.289452654088 
3458 27786.289452654088 
3459 27786.289452654088 
3460 27786.289452654088 
3461 27786.289452654088 
3462 27786.289452654088 
3463 27786.289452654088 
3464 27786.289452654088 
3465 27786.289452654088 
3466 27786.289452654088 
3467 22035.178719194406 
3468 22035.178719194406 
3469 22035.178719194406 
3470 22035.178719194406 
3471 22035.178719194406 
3472 22035.178719194406 
3473 22035.178719194406 
3474 22035.178719194406 
3475 22035.178719194406 
3476 22035.178719194406 
3477 22035.178719194406 
3478 22035.178719194406 
3479 22035.178719194406 
3480 22035.178719194406 
3481 22035.178719194406 
3482 22035.178719194406 
3483 22035.178719194406 
3484 22035.178719194406 
3485 22035.178719194406 
3486 22035.178719194406 
3487 22035.178719194406 
3488 22035.178719194406 
3489 22035.178719194406 
3490 22035.178719194406 
3491 22035.178719194406 
3492 22035.178719194406 
3493 22035.178719194406 
3494 22035.178719194406 
3495 22035.178719194406 
3496 22035.178719194406 
3497 22035.178719194406 
3498 28080.88226854267  
3499 28080.88226854267  
3500 28080.88226854267  
3501 28080.88226854267  
3502 28080.88226854267  
3503 28080.88226854267  
3504 28080.88226854267  
3505 28080.88226854267  
3506 28080.88226854267  
3507 28080.88226854267  
3508 28080.88226854267  
3509 28080.88226854267  
3510 28080.88226854267  
3511 28080.88226854267  
3512 28080.88226854267  
3513 28080.88226854267  
3514 28080.88226854267  
3515 28080.88226854267  
3516 28080.88226854267  
3517 28080.88226854267  
3518 28080.88226854267  
3519 28080.88226854267  
3520 28080.88226854267  
3521 22329.77997943661  
3522 22329.77997943661  
3523 22329.77997943661  
3524 22329.77997943661  
3525 22329.77997943661  
3526 22329.77997943661  
3527 22329.77997943661  
3528 22329.77997943661  
3529 22329.77997943661  
3530 22329.77997943661  
3531 22329.77997943661  
3532 22329.77997943661  
3533 22329.77997943661  
3534 22329.77997943661  
3535 22329.77997943661  
3536 22329.77997943661  
3537 22329.77997943661  
3538 22329.77997943661  
3539 22329.77997943661  
3540 22329.77997943661  
3541 22329.77997943661  
3542 22329.77997943661  
3543 22329.77997943661  
3544 22329.77997943661  
3545 22329.77997943661  
3546 22329.77997943661  
3547 22329.77997943661  
3548 22329.77997943661  
3549 22329.77997943661  
3550 22329.77997943661  
3551 22329.77997943661  
3552 28372.23889943071  
3553 28372.23889943071  
3554 28372.23889943071  
3555 28372.23889943071  
3556 28372.23889943071  
3557 28372.23889943071  
3558 28372.23889943071  
3559 28372.23889943071  
3560 28372.23889943071  
3561 28372.23889943071  
3562 28372.23889943071  
3563 28372.23889943071  
3564 28372.23889943071  
3565 28372.23889943071  
3566 28372.23889943071  
3567 28372.23889943071  
3568 28372.23889943071  
3569 28372.23889943071  
3570 28372.23889943071  
3571 28372.23889943071  
3572 28372.23889943071  
3573 28372.23889943071  
3574 28372.23889943071  
3575 22621.157490827543 
3576 22621.157490827543 
3577 22621.157490827543 
3578 22621.157490827543 
3579 22621.157490827543 
3580 22621.157490827543 
3581 22621.157490827543 
3582 22621.157490827543 
3583 22621.157490827543 
3584 22621.157490827543 
3585 22621.157490827543 
3586 22621.157490827543 
3587 22621.157490827543 
3588 22621.157490827543 
3589 22621.157490827543 
3590 22621.157490827543 
3591 22621.157490827543 
3592 22621.157490827543 
3593 22621.157490827543 
3594 22621.157490827543 
3595 22621.157490827543 
3596 22621.157490827543 
3597 22621.157490827543 
3598 22621.157490827543 
3599 22621.157490827543 
