0    0                 
1    0                 
2    0                 
3    0                 
4    0                 
5    0                 
6    0                 
7    0                 
8    0                 
9    0                 
10   0                 
11   0                 
12   0                 
13   0                 
14   0                 
15   0                 
16   0                 
17   0                 
18   0                 
19   0                 
20   0                 
21   0                 
22   0                 
23   0                 
24   0                 
25   0                 
26   0                 
27   0                 
28   0                 
29   0                 
30   0                 
31   0                 
32   0                 
33   0                 
34   0                 
35   0                 
36   0                 
37   0                 
38   0                 
39   0                 
40   0                 
41   0                 
42   0                 
43   0                 
44   0                 
45   0                 
46   0                 
47   0                 
48   0                 
49   0                 
50   0                 
51   0                 
52   0                 
53   0                 
54   0                 
55   0                 
56   0                 
57   0                 
58   0                 
59   0                 
60   0                 
61   0                 
62   0                 
63   0                 
64   0                 
65   0                 
66   0                 
67   0                 
68   0                 
69   0                 
70   0                 
71   0                 
72   0                 
73   0                 
74   0                 
75   0                 
76   0                 
77   0                 
78   0                 
79   0                 
80   0                 
81   0                 
82   0                 
83   0                 
84   0                 
85   0                 
86   0                 
87   0                 
88   0                 
89   0                 
90   0                 
91   0                 
92   0                 
93   0                 
94   0                 
95   0                 
96   0                 
97   0                 
98   0                 
99   0                 
100  0                 
101  0                 
102  0                 
103  0                 
104  0                 
105  0                 
106  0                 
107  0                 
108  0                 
109  0                 
110  0                 
111  0                 
112  0                 
113  0                 
114  0                 
115  0                 
116  0                 
117  0                 
118  0                 
119  0                 
120  0                 
121  0                 
122  0                 
123  0                 
124  0                 
125  0                 
126  0                 
127  0                 
128  0                 
129  0                 
130  0                 
131  0                 
132  0                 
133  0                 
134  0                 
135  0                 
136  0                 
137  0                 
138  0                 
139  0                 
140  0                 
141  0                 
142  0                 
143  0                 
144  0                 
145  0                 
146  0                 
147  0                 
148  0                 
149  0                 
150  4581.372199243676 
151  4581.372199243676 
152  4581.372199243676 
153  4581.372199243676 
154  4581.372199243676 
155  4581.372199243676 
156  4581.372199243676 
157  4581.372199243676 
158  4581.372199243676 
159  4581.372199243676 
160  4581.372199243676 
161  4581.372199243676 
162  4581.372199243676 
163  4581.372199243676 
164  4581.372199243676 
165  4581.372199243676 
166  4581.372199243676 
167  4581.372199243676 
168  4581.372199243676 
169  4581.372199243676 
170  4581.372199243676 
171  4581.372199243676 
172  4581.372199243676 
173  0                 
174  0                 
175  0                 
176  0                 
177  0                 
178  0                 
179  0                 
180  0                 
181  0                 
182  0                 
183  0                 
184  0                 
185  0                 
186  0                 
187  0                 
188  0                 
189  0                 
190  0                 
191  0                 
192  0                 
193  0                 
194  0                 
195  0                 
196  0                 
197  0                 
198  0                 
199  0                 
200  0                 
201  0                 
202  0                 
203  0                 
204  4581.372199243677 
205  4581.372199243677 
206  4581.372199243677 
207  4581.372199243677 
208  4581.372199243677 
209  4581.372199243677 
210  4581.372199243677 
211  4581.372199243677 
212  4581.372199243677 
213  4581.372199243677 
214  4581.372199243677 
215  4581.372199243677 
216  4581.372199243677 
217  4581.372199243677 
218  4581.372199243677 
219  4581.372199243677 
220  4581.372199243677 
221  4581.372199243677 
222  4581.372199243677 
223  4581.372199243677 
224  4581.372199243677 
225  4581.372199243677 
226  4581.372199243677 
227  0                 
228  0                 
229  0                 
230  0                 
231  0                 
232  0                 
233  0                 
234  0                 
235  0                 
236  0                 
237  0                 
238  0                 
239  0                 
240  0                 
241  0                 
242  0                 
243  0                 
244  0                 
245  0                 
246  0                 
247  0                 
248  0                 
249  0                 
250  0                 
251  0                 
252  0                 
253  0                 
254  0                 
255  0                 
256  0                 
257  0                 
258  4581.372199243678 
259  4581.372199243678 
260  4581.372199243678 
261  4581.372199243678 
262  4581.372199243678 
263  4581.372199243678 
264  4581.372199243678 
265  4581.372199243678 
266  4581.372199243678 
267  4581.372199243678 
268  4581.372199243678 
269  4581.372199243678 
270  4581.372199243678 
271  4581.372199243678 
272  4581.372199243678 
273  4581.372199243678 
274  4581.372199243678 
275  4581.372199243678 
276  4581.372199243678 
277  4581.372199243678 
278  4581.372199243678 
279  4581.372199243678 
280  4581.372199243678 
281  0                 
282  0                 
283  0                 
284  0                 
285  0                 
286  0                 
287  0                 
288  0                 
289  0                 
290  0                 
291  0                 
292  0                 
293  0                 
294  0                 
295  0                 
296  0                 
297  0                 
298  0                 
299  0                 
300  0                 
301  0                 
302  0                 
303  0                 
304  0                 
305  0                 
306  0                 
307  0                 
308  0                 
309  0                 
310  0                 
311  0                 
312  4581.372199243678 
313  4581.372199243678 
314  4581.372199243678 
315  4581.372199243678 
316  4581.372199243678 
317  4581.372199243678 
318  4581.372199243678 
319  4581.372199243678 
320  4581.372199243678 
321  4581.372199243678 
322  4581.372199243678 
323  4581.372199243678 
324  4581.372199243678 
325  4581.372199243678 
326  4581.372199243678 
327  4581.372199243678 
328  4581.372199243678 
329  4581.372199243678 
330  4581.372199243678 
331  4581.372199243678 
332  4581.372199243678 
333  4581.372199243678 
334  4581.372199243678 
335  0                 
336  0                 
337  0                 
338  0                 
339  0                 
340  0                 
341  0                 
342  0                 
343  0                 
344  0                 
345  0                 
346  0                 
347  0                 
348  0                 
349  0                 
350  0                 
351  0                 
352  0                 
353  0                 
354  0                 
355  0                 
356  0                 
357  0                 
358  0                 
359  0                 
360  0                 
361  0                 
362  0                 
363  0                 
364  0                 
365  0                 
366  4581.372199243678 
367  4581.372199243678 
368  4581.372199243678 
369  4581.372199243678 
370  4581.372199243678 
371  4581.372199243678 
372  4581.372199243678 
373  4581.372199243678 
374  4581.372199243678 
375  4581.372199243678 
376  4581.372199243678 
377  4581.372199243678 
378  4581.372199243678 
379  4581.372199243678 
380  4581.372199243678 
381  4581.372199243678 
382  4581.372199243678 
383  4581.372199243678 
384  4581.372199243678 
385  4581.372199243678 
386  4581.372199243678 
387  4581.372199243678 
388  4581.372199243678 
389  0                 
390  0                 
391  0                 
392  0                 
393  0                 
394  0                 
395  0                 
396  0                 
397  0                 
398  0                 
399  0                 
400  0                 
401  0                 
402  0                 
403  0                 
404  0                 
405  0                 
406  0                 
407  0                 
408  0                 
409  0                 
410  0                 
411  0                 
412  0                 
413  0                 
414  0                 
415  0                 
416  0                 
417  0                 
418  0                 
419  0                 
420  4581.372199243677 
421  4581.372199243677 
422  4581.372199243677 
423  4581.372199243677 
424  4581.372199243677 
425  4581.372199243677 
426  4581.372199243677 
427  4581.372199243677 
428  4581.372199243677 
429  4581.372199243677 
430  4581.372199243677 
431  4581.372199243677 
432  4581.372199243677 
433  4581.372199243677 
434  4581.372199243677 
435  4581.372199243677 
436  4581.372199243677 
437  4581.372199243677 
438  4581.372199243677 
439  4581.372199243677 
440  4581.372199243677 
441  4581.372199243677 
442  4581.372199243677 
443  0                 
444  0                 
445  0                 
446  0                 
447  0                 
448  0                 
449  0                 
450  0                 
451  0                 
452  0                 
453  0                 
454  0                 
455  0                 
456  0                 
457  0                 
458  0                 
459  0                 
460  0                 
461  0                 
462  0                 
463  0                 
464  0                 
465  0                 
466  0                 
467  0                 
468  0                 
469  0                 
470  0                 
471  0                 
472  0                 
473  0                 
474  4581.372199243677 
475  4581.372199243677 
476  4581.372199243677 
477  4581.372199243677 
478  4581.372199243677 
479  4581.372199243677 
480  4581.372199243677 
481  4581.372199243677 
482  4581.372199243677 
483  4581.372199243677 
484  4581.372199243677 
485  4581.372199243677 
486  4581.372199243677 
487  4581.372199243677 
488  4581.372199243677 
489  4581.372199243677 
490  4581.372199243677 
491  4581.372199243677 
492  4581.372199243677 
493  4581.372199243677 
494  4581.372199243677 
495  4581.372199243677 
496  4581.372199243677 
497  0                 
498  0                 
499  0                 
500  0                 
501  0                 
502  0                 
503  0                 
504  0                 
505  0                 
506  0                 
507  0                 
508  0                 
509  0                 
510  0                 
511  0                 
512  0                 
513  0                 
514  0                 
515  0                 
516  0                 
517  0                 
518  0                 
519  0                 
520  0                 
521  0                 
522  0                 
523  0                 
524  0                 
525  0                 
526  0                 
527  0                 
528  4581.372199243677 
529  4581.372199243677 
530  4581.372199243677 
531  4581.372199243677 
532  4581.372199243677 
533  4581.372199243677 
534  4581.372199243677 
535  4581.372199243677 
536  4581.372199243677 
537  4581.372199243677 
538  4581.372199243677 
539  4581.372199243677 
540  4581.372199243677 
541  4581.372199243677 
542  4581.372199243677 
543  4581.372199243677 
544  4581.372199243677 
545  4581.372199243677 
546  4581.372199243677 
547  4581.372199243677 
548  4581.372199243677 
549  4581.372199243677 
550  4581.372199243677 
551  0                 
552  0                 
553  0                 
554  0                 
555  0                 
556  0                 
557  0                 
558  0                 
559  0                 
560  0                 
561  0                 
562  0                 
563  0                 
564  0                 
565  0                 
566  0                 
567  0                 
568  0                 
569  0                 
570  0                 
571  0                 
572  0                 
573  0                 
574  0                 
575  0                 
576  0                 
577  0                 
578  0                 
579  0                 
580  0                 
581  0                 
582  4581.372199243677 
583  4581.372199243677 
584  4581.372199243677 
585  4581.372199243677 
586  4581.372199243677 
587  4581.372199243677 
588  4581.372199243677 
589  4581.372199243677 
590  4581.372199243677 
591  4581.372199243677 
592  4581.372199243677 
593  4581.372199243677 
594  4581.372199243677 
595  4581.372199243677 
596  4581.372199243677 
597  4581.372199243677 
598  4581.372199243677 
599  4581.372199243677 
600  4581.372199243677 
601  4581.372199243677 
602  4581.372199243677 
603  4581.372199243677 
604  4581.372199243677 
605  0                 
606  0                 
607  0                 
608  0                 
609  0                 
610  0                 
611  0                 
612  0                 
613  0                 
614  0                 
615  0                 
616  0                 
617  0                 
618  0                 
619  0                 
620  0                 
621  0                 
622  0                 
623  0                 
624  0                 
625  0                 
626  0                 
627  0                 
628  0                 
629  0                 
630  0                 
631  0                 
632  0                 
633  0                 
634  0                 
635  0                 
636  4581.372199243677 
637  4581.372199243677 
638  4581.372199243677 
639  4581.372199243677 
640  4581.372199243677 
641  4581.372199243677 
642  4581.372199243677 
643  4581.372199243677 
644  4581.372199243677 
645  4581.372199243677 
646  4581.372199243677 
647  4581.372199243677 
648  4581.372199243677 
649  4581.372199243677 
650  4581.372199243677 
651  4581.372199243677 
652  4581.372199243677 
653  4581.372199243677 
654  4581.372199243677 
655  4581.372199243677 
656  4581.372199243677 
657  4581.372199243677 
658  4581.372199243677 
659  0                 
660  0                 
661  0                 
662  0                 
663  0                 
664  0                 
665  0                 
666  0                 
667  0                 
668  0                 
669  0                 
670  0                 
671  0                 
672  0                 
673  0                 
674  0                 
675  0                 
676  0                 
677  0                 
678  0                 
679  0                 
680  0                 
681  0                 
682  0                 
683  0                 
684  0                 
685  0                 
686  0                 
687  0                 
688  0                 
689  0                 
690  4581.372199243677 
691  4581.372199243677 
692  4581.372199243677 
693  4581.372199243677 
694  4581.372199243677 
695  4581.372199243677 
696  4581.372199243677 
697  4581.372199243677 
698  4581.372199243677 
699  4581.372199243677 
700  4581.372199243677 
701  4581.372199243677 
702  4581.372199243677 
703  4581.372199243677 
704  4581.372199243677 
705  4581.372199243677 
706  4581.372199243677 
707  4581.372199243677 
708  4581.372199243677 
709  4581.372199243677 
710  4581.372199243677 
711  4581.372199243677 
712  4581.372199243677 
713  0                 
714  0                 
715  0                 
716  0                 
717  0                 
718  0                 
719  0                 
720  0                 
721  0                 
722  0                 
723  0                 
724  0                 
725  0                 
726  0                 
727  0                 
728  0                 
729  0                 
730  0                 
731  0                 
732  0                 
733  0                 
734  0                 
735  0                 
736  0                 
737  0                 
738  0                 
739  0                 
740  0                 
741  0                 
742  0                 
743  0                 
744  4581.372199243677 
745  4581.372199243677 
746  4581.372199243677 
747  4581.372199243677 
748  4581.372199243677 
749  4581.372199243677 
750  4581.372199243677 
751  4581.372199243677 
752  4581.372199243677 
753  4581.372199243677 
754  4581.372199243677 
755  4581.372199243677 
756  4581.372199243677 
757  4581.372199243677 
758  4581.372199243677 
759  4581.372199243677 
760  4581.372199243677 
761  4581.372199243677 
762  4581.372199243677 
763  4581.372199243677 
764  4581.372199243677 
765  4581.372199243677 
766  4581.372199243677 
767  0                 
768  0                 
769  0                 
770  0                 
771  0                 
772  0                 
773  0                 
774  0                 
775  0                 
776  0                 
777  0                 
778  0                 
779  0                 
780  0                 
781  0                 
782  0                 
783  0                 
784  0                 
785  0                 
786  0                 
787  0                 
788  0                 
789  0                 
790  0                 
791  0                 
792  0                 
793  0                 
794  0                 
795  0                 
796  0                 
797  0                 
798  4581.372199243677 
799  4581.372199243677 
800  4581.372199243677 
801  4581.372199243677 
802  4581.372199243677 
803  4581.372199243677 
804  4581.372199243677 
805  4581.372199243677 
806  4581.372199243677 
807  4581.372199243677 
808  4581.372199243677 
809  4581.372199243677 
810  4581.372199243677 
811  4581.372199243677 
812  4581.372199243677 
813  4581.372199243677 
814  4581.372199243677 
815  4581.372199243677 
816  4581.372199243677 
817  4581.372199243677 
818  4581.372199243677 
819  4581.372199243677 
820  4581.372199243677 
821  0                 
822  0                 
823  0                 
824  0                 
825  0                 
826  0                 
827  0                 
828  0                 
829  0                 
830  0                 
831  0                 
832  0                 
833  0                 
834  0                 
835  0                 
836  0                 
837  0                 
838  0                 
839  0                 
840  0                 
841  0                 
842  0                 
843  0                 
844  0                 
845  0                 
846  0                 
847  0                 
848  0                 
849  0                 
850  0                 
851  0                 
852  4581.372199243677 
853  4581.372199243677 
854  4581.372199243677 
855  4581.372199243677 
856  4581.372199243677 
857  4581.372199243677 
858  4581.372199243677 
859  4581.372199243677 
860  4581.372199243677 
861  4581.372199243677 
862  4581.372199243677 
863  4581.372199243677 
864  4581.372199243677 
865  4581.372199243677 
866  4581.372199243677 
867  4581.372199243677 
868  4581.372199243677 
869  4581.372199243677 
870  4581.372199243677 
871  4581.372199243677 
872  4581.372199243677 
873  4581.372199243677 
874  4581.372199243677 
875  0                 
876  0                 
877  0                 
878  0                 
879  0                 
880  0                 
881  0                 
882  0                 
883  0                 
884  0                 
885  0                 
886  0                 
887  0                 
888  0                 
889  0                 
890  0                 
891  0                 
892  0                 
893  0                 
894  0                 
895  0                 
896  0                 
897  0                 
898  0                 
899  0                 
900  0                 
901  0                 
902  0                 
903  0                 
904  0                 
905  0                 
906  4581.372199243677 
907  4581.372199243677 
908  4581.372199243677 
909  4581.372199243677 
910  4581.372199243677 
911  4581.372199243677 
912  4581.372199243677 
913  4581.372199243677 
914  4581.372199243677 
915  4581.372199243677 
916  4581.372199243677 
917  4581.372199243677 
918  4581.372199243677 
919  4581.372199243677 
920  4581.372199243677 
921  4581.372199243677 
922  4581.372199243677 
923  4581.372199243677 
924  4581.372199243677 
925  4581.372199243677 
926  4581.372199243677 
927  4581.372199243677 
928  4581.372199243677 
929  0                 
930  0                 
931  0                 
932  0                 
933  0                 
934  0                 
935  0                 
936  0                 
937  0                 
938  0                 
939  0                 
940  0                 
941  0                 
942  0                 
943  0                 
944  0                 
945  0                 
946  0                 
947  0                 
948  0                 
949  0                 
950  0                 
951  0                 
952  0                 
953  0                 
954  0                 
955  0                 
956  0                 
957  0                 
958  0                 
959  0                 
960  4581.372199243677 
961  4581.372199243677 
962  4581.372199243677 
963  4581.372199243677 
964  4581.372199243677 
965  4581.372199243677 
966  4581.372199243677 
967  4581.372199243677 
968  4581.372199243677 
969  4581.372199243677 
970  4581.372199243677 
971  4581.372199243677 
972  4581.372199243677 
973  4581.372199243677 
974  4581.372199243677 
975  4581.372199243677 
976  4581.372199243677 
977  4581.372199243677 
978  4581.372199243677 
979  4581.372199243677 
980  4581.372199243677 
981  4581.372199243677 
982  4581.372199243677 
983  0                 
984  0                 
985  0                 
986  0                 
987  0                 
988  0                 
989  0                 
990  0                 
991  0                 
992  0                 
993  0                 
994  0                 
995  0                 
996  0                 
997  0                 
998  0                 
999  0                 
1000 0                 
1001 0                 
1002 0                 
1003 0                 
1004 0                 
1005 0                 
1006 0                 
1007 0                 
1008 0                 
1009 0                 
1010 0                 
1011 0                 
1012 0                 
1013 0                 
1014 4581.372199243677 
1015 4581.372199243677 
1016 4581.372199243677 
1017 4581.372199243677 
1018 4581.372199243677 
1019 4581.372199243677 
1020 4581.372199243677 
1021 4581.372199243677 
1022 4581.372199243677 
1023 4581.372199243677 
1024 4581.372199243677 
1025 4581.372199243677 
1026 4581.372199243677 
1027 4581.372199243677 
1028 4581.372199243677 
1029 4581.372199243677 
1030 4581.372199243677 
1031 4581.372199243677 
1032 4581.372199243677 
1033 4581.372199243677 
1034 4581.372199243677 
1035 4581.372199243677 
1036 4581.372199243677 
1037 0                 
1038 0                 
1039 0                 
1040 0                 
1041 0                 
1042 0                 
1043 0                 
1044 0                 
1045 0                 
1046 0                 
1047 0                 
1048 0                 
1049 0                 
1050 0                 
1051 0                 
1052 0                 
1053 0                 
1054 0                 
1055 0                 
1056 0                 
1057 0                 
1058 0                 
1059 0                 
1060 0                 
1061 0                 
1062 0                 
1063 0                 
1064 0                 
1065 0                 
1066 0                 
1067 0                 
1068 4581.372199243677 
1069 4581.372199243677 
1070 4581.372199243677 
1071 4581.372199243677 
1072 4581.372199243677 
1073 4581.372199243677 
1074 4581.372199243677 
1075 4581.372199243677 
1076 4581.372199243677 
1077 4581.372199243677 
1078 4581.372199243677 
1079 4581.372199243677 
1080 4581.372199243677 
1081 4581.372199243677 
1082 4581.372199243677 
1083 4581.372199243677 
1084 4581.372199243677 
1085 4581.372199243677 
1086 4581.372199243677 
1087 4581.372199243677 
1088 4581.372199243677 
1089 4581.372199243677 
1090 4581.372199243677 
1091 0                 
1092 0                 
1093 0                 
1094 0                 
1095 0                 
1096 0                 
1097 0                 
1098 0                 
1099 0                 
1100 0                 
1101 0                 
1102 0                 
1103 0                 
1104 0                 
1105 0                 
1106 0                 
1107 0                 
1108 0                 
1109 0                 
1110 0                 
1111 0                 
1112 0                 
1113 0                 
1114 0                 
1115 0                 
1116 0                 
1117 0                 
1118 0                 
1119 0                 
1120 0                 
1121 0                 
1122 4581.372199243677 
1123 4581.372199243677 
1124 4581.372199243677 
1125 4581.372199243677 
1126 4581.372199243677 
1127 4581.372199243677 
1128 4581.372199243677 
1129 4581.372199243677 
1130 4581.372199243677 
1131 4581.372199243677 
1132 4581.372199243677 
1133 4581.372199243677 
1134 4581.372199243677 
1135 4581.372199243677 
1136 4581.372199243677 
1137 4581.372199243677 
1138 4581.372199243677 
1139 4581.372199243677 
1140 4581.372199243677 
1141 4581.372199243677 
1142 4581.372199243677 
1143 4581.372199243677 
1144 4581.372199243677 
1145 0                 
1146 0                 
1147 0                 
1148 0                 
1149 0                 
1150 0                 
1151 0                 
1152 0                 
1153 0                 
1154 0                 
1155 0                 
1156 0                 
1157 0                 
1158 0                 
1159 0                 
1160 0                 
1161 0                 
1162 0                 
1163 0                 
1164 0                 
1165 0                 
1166 0                 
1167 0                 
1168 0                 
1169 0                 
1170 0                 
1171 0                 
1172 0                 
1173 0                 
1174 0                 
1175 0                 
1176 4581.372199243677 
1177 4581.372199243677 
1178 4581.372199243677 
1179 4581.372199243677 
1180 4581.372199243677 
1181 4581.372199243677 
1182 4581.372199243677 
1183 4581.372199243677 
1184 4581.372199243677 
1185 4581.372199243677 
1186 4581.372199243677 
1187 4581.372199243677 
1188 4581.372199243677 
1189 4581.372199243677 
1190 4581.372199243677 
1191 4581.372199243677 
1192 4581.372199243677 
1193 4581.372199243677 
1194 4581.372199243677 
1195 4581.372199243677 
1196 4581.372199243677 
1197 4581.372199243677 
1198 4581.372199243677 
1199 0                 
1200 0                 
1201 0                 
1202 0                 
1203 0                 
1204 0                 
1205 0                 
1206 0                 
1207 0                 
1208 0                 
1209 0                 
1210 0                 
1211 0                 
1212 0                 
1213 0                 
1214 0                 
1215 0                 
1216 0                 
1217 0                 
1218 0                 
1219 0                 
1220 0                 
1221 0                 
1222 0                 
1223 0                 
1224 0                 
1225 0                 
1226 0                 
1227 0                 
1228 0                 
1229 0                 
1230 4581.372199243677 
1231 4581.372199243677 
1232 4581.372199243677 
1233 4581.372199243677 
1234 4581.372199243677 
1235 4581.372199243677 
1236 4581.372199243677 
1237 4581.372199243677 
1238 4581.372199243677 
1239 4581.372199243677 
1240 4581.372199243677 
1241 4581.372199243677 
1242 4581.372199243677 
1243 4581.372199243677 
1244 4581.372199243677 
1245 4581.372199243677 
1246 4581.372199243677 
1247 4581.372199243677 
1248 4581.372199243677 
1249 4581.372199243677 
1250 4581.372199243677 
1251 4581.372199243677 
1252 4581.372199243677 
1253 0                 
1254 0                 
1255 0                 
1256 0                 
1257 0                 
1258 0                 
1259 0                 
1260 0                 
1261 0                 
1262 0                 
1263 0                 
1264 0                 
1265 0                 
1266 0                 
1267 0                 
1268 0                 
1269 0                 
1270 0                 
1271 0                 
1272 0                 
1273 0                 
1274 0                 
1275 0                 
1276 0                 
1277 0                 
1278 0                 
1279 0                 
1280 0                 
1281 0                 
1282 0                 
1283 0                 
1284 4581.372199243677 
1285 4581.372199243677 
1286 4581.372199243677 
1287 4581.372199243677 
1288 4581.372199243677 
1289 4581.372199243677 
1290 4581.372199243677 
1291 4581.372199243677 
1292 4581.372199243677 
1293 4581.372199243677 
1294 4581.372199243677 
1295 4581.372199243677 
1296 4581.372199243677 
1297 4581.372199243677 
1298 4581.372199243677 
1299 4581.372199243677 
1300 4581.372199243677 
1301 4581.372199243677 
1302 4581.372199243677 
1303 4581.372199243677 
1304 4581.372199243677 
1305 4581.372199243677 
1306 4581.372199243677 
1307 0                 
1308 0                 
1309 0                 
1310 0                 
1311 0                 
1312 0                 
1313 0                 
1314 0                 
1315 0                 
1316 0                 
1317 0                 
1318 0                 
1319 0                 
1320 0                 
1321 0                 
1322 0                 
1323 0                 
1324 0                 
1325 0                 
1326 0                 
1327 0                 
1328 0                 
1329 0                 
1330 0                 
1331 0                 
1332 0                 
1333 0                 
1334 0                 
1335 0                 
1336 0                 
1337 0                 
1338 4581.372199243677 
1339 4581.372199243677 
1340 4581.372199243677 
1341 4581.372199243677 
1342 4581.372199243677 
1343 4581.372199243677 
1344 4581.372199243677 
1345 4581.372199243677 
1346 4581.372199243677 
1347 4581.372199243677 
1348 4581.372199243677 
1349 4581.372199243677 
1350 4581.372199243677 
1351 4581.372199243677 
1352 4581.372199243677 
1353 4581.372199243677 
1354 4581.372199243677 
1355 4581.372199243677 
1356 4581.372199243677 
1357 4581.372199243677 
1358 4581.372199243677 
1359 4581.372199243677 
1360 4581.372199243677 
1361 0                 
1362 0                 
1363 0                 
1364 0                 
1365 0                 
1366 0                 
1367 0                 
1368 0                 
1369 0                 
1370 0                 
1371 0                 
1372 0                 
1373 0                 
1374 0                 
1375 0                 
1376 0                 
1377 0                 
1378 0                 
1379 0                 
1380 0                 
1381 0                 
1382 0                 
1383 0                 
1384 0                 
1385 0                 
1386 0                 
1387 0                 
1388 0                 
1389 0                 
1390 0                 
1391 0                 
1392 4581.372199243677 
1393 4581.372199243677 
1394 4581.372199243677 
1395 4581.372199243677 
1396 4581.372199243677 
1397 4581.372199243677 
1398 4581.372199243677 
1399 4581.372199243677 
1400 4581.372199243677 
1401 4581.372199243677 
1402 4581.372199243677 
1403 4581.372199243677 
1404 4581.372199243677 
1405 4581.372199243677 
1406 4581.372199243677 
1407 4581.372199243677 
1408 4581.372199243677 
1409 4581.372199243677 
1410 4581.372199243677 
1411 4581.372199243677 
1412 4581.372199243677 
1413 4581.372199243677 
1414 4581.372199243677 
1415 0                 
1416 0                 
1417 0                 
1418 0                 
1419 0                 
1420 0                 
1421 0                 
1422 0                 
1423 0                 
1424 0                 
1425 0                 
1426 0                 
1427 0                 
1428 0                 
1429 0                 
1430 0                 
1431 0                 
1432 0                 
1433 0                 
1434 0                 
1435 0                 
1436 0                 
1437 0                 
1438 0                 
1439 0                 
1440 0                 
1441 0                 
1442 0                 
1443 0                 
1444 0                 
1445 0                 
1446 4581.372199243677 
1447 4581.372199243677 
1448 4581.372199243677 
1449 4581.372199243677 
1450 4581.372199243677 
1451 4581.372199243677 
1452 4581.372199243677 
1453 4581.372199243677 
1454 4581.372199243677 
1455 4581.372199243677 
1456 4581.372199243677 
1457 4581.372199243677 
1458 4581.372199243677 
1459 4581.372199243677 
1460 4581.372199243677 
1461 4581.372199243677 
1462 4581.372199243677 
1463 4581.372199243677 
1464 4581.372199243677 
1465 4581.372199243677 
1466 4581.372199243677 
1467 4581.372199243677 
1468 4581.372199243677 
1469 0                 
1470 0                 
1471 0                 
1472 0                 
1473 0                 
1474 0                 
1475 0                 
1476 0                 
1477 0                 
1478 0                 
1479 0                 
1480 0                 
1481 0                 
1482 0                 
1483 0                 
1484 0                 
1485 0                 
1486 0                 
1487 0                 
1488 0                 
1489 0                 
1490 0                 
1491 0                 
1492 0                 
1493 0                 
1494 0                 
1495 0                 
1496 0                 
1497 0                 
1498 0                 
1499 0                 
1500 4581.372199243677 
1501 4581.372199243677 
1502 4581.372199243677 
1503 4581.372199243677 
1504 4581.372199243677 
1505 4581.372199243677 
1506 4581.372199243677 
1507 4581.372199243677 
1508 4581.372199243677 
1509 4581.372199243677 
1510 4581.372199243677 
1511 4581.372199243677 
1512 4581.372199243677 
1513 4581.372199243677 
1514 4581.372199243677 
1515 4581.372199243677 
1516 4581.372199243677 
1517 4581.372199243677 
1518 4581.372199243677 
1519 4581.372199243677 
1520 4581.372199243677 
1521 4581.372199243677 
1522 4581.372199243677 
1523 0                 
1524 0                 
1525 0                 
1526 0                 
1527 0                 
1528 0                 
1529 0                 
1530 0                 
1531 0                 
1532 0                 
1533 0                 
1534 0                 
1535 0                 
1536 0                 
1537 0                 
1538 0                 
1539 0                 
1540 0                 
1541 0                 
1542 0                 
1543 0                 
1544 0                 
1545 0                 
1546 0                 
1547 0                 
1548 0                 
1549 0                 
1550 0                 
1551 0                 
1552 0                 
1553 0                 
1554 4581.372199243677 
1555 4581.372199243677 
1556 4581.372199243677 
1557 4581.372199243677 
1558 4581.372199243677 
1559 4581.372199243677 
1560 4581.372199243677 
1561 4581.372199243677 
1562 4581.372199243677 
1563 4581.372199243677 
1564 4581.372199243677 
1565 4581.372199243677 
1566 4581.372199243677 
1567 4581.372199243677 
1568 4581.372199243677 
1569 4581.372199243677 
1570 4581.372199243677 
1571 4581.372199243677 
1572 4581.372199243677 
1573 4581.372199243677 
1574 4581.372199243677 
1575 4581.372199243677 
1576 4581.372199243677 
1577 0                 
1578 0                 
1579 0                 
1580 0                 
1581 0                 
1582 0                 
1583 0                 
1584 0                 
1585 0                 
1586 0                 
1587 0                 
1588 0                 
1589 0                 
1590 0                 
1591 0                 
1592 0                 
1593 0                 
1594 0                 
1595 0                 
1596 0                 
1597 0                 
1598 0                 
1599 0                 
1600 0                 
1601 0                 
1602 0                 
1603 0                 
1604 0                 
1605 0                 
1606 0                 
1607 0                 
1608 4581.372199243677 
1609 4581.372199243677 
1610 4581.372199243677 
1611 4581.372199243677 
1612 4581.372199243677 
1613 4581.372199243677 
1614 4581.372199243677 
1615 4581.372199243677 
1616 4581.372199243677 
1617 4581.372199243677 
1618 4581.372199243677 
1619 4581.372199243677 
1620 4581.372199243677 
1621 4581.372199243677 
1622 4581.372199243677 
1623 4581.372199243677 
1624 4581.372199243677 
1625 4581.372199243677 
1626 4581.372199243677 
1627 4581.372199243677 
1628 4581.372199243677 
1629 4581.372199243677 
1630 4581.372199243677 
1631 0                 
1632 0                 
1633 0                 
1634 0                 
1635 0                 
1636 0                 
1637 0                 
1638 0                 
1639 0                 
1640 0                 
1641 0                 
1642 0                 
1643 0                 
1644 0                 
1645 0                 
1646 0                 
1647 0                 
1648 0                 
1649 0                 
1650 0                 
1651 0                 
1652 0                 
1653 0                 
1654 0                 
1655 0                 
1656 0                 
1657 0                 
1658 0                 
1659 0                 
1660 0                 
1661 0                 
1662 4581.372199243677 
1663 4581.372199243677 
1664 4581.372199243677 
1665 4581.372199243677 
1666 4581.372199243677 
1667 4581.372199243677 
1668 4581.372199243677 
1669 4581.372199243677 
1670 4581.372199243677 
1671 4581.372199243677 
1672 4581.372199243677 
1673 4581.372199243677 
1674 4581.372199243677 
1675 4581.372199243677 
1676 4581.372199243677 
1677 4581.372199243677 
1678 4581.372199243677 
1679 4581.372199243677 
1680 4581.372199243677 
1681 4581.372199243677 
1682 4581.372199243677 
1683 4581.372199243677 
1684 4581.372199243677 
1685 0                 
1686 0                 
1687 0                 
1688 0                 
1689 0                 
1690 0                 
1691 0                 
1692 0                 
1693 0                 
1694 0                 
1695 0                 
1696 0                 
1697 0                 
1698 0                 
1699 0                 
1700 0                 
1701 0                 
1702 0                 
1703 0                 
1704 0                 
1705 0                 
1706 0                 
1707 0                 
1708 0                 
1709 0                 
1710 0                 
1711 0                 
1712 0                 
1713 0                 
1714 0                 
1715 0                 
1716 4581.372199243677 
1717 4581.372199243677 
1718 4581.372199243677 
1719 4581.372199243677 
1720 4581.372199243677 
1721 4581.372199243677 
1722 4581.372199243677 
1723 4581.372199243677 
1724 4581.372199243677 
1725 4581.372199243677 
1726 4581.372199243677 
1727 4581.372199243677 
1728 4581.372199243677 
1729 4581.372199243677 
1730 4581.372199243677 
1731 4581.372199243677 
1732 4581.372199243677 
1733 4581.372199243677 
1734 4581.372199243677 
1735 4581.372199243677 
1736 4581.372199243677 
1737 4581.372199243677 
1738 4581.372199243677 
1739 0                 
1740 0                 
1741 0                 
1742 0                 
1743 0                 
1744 0                 
1745 0                 
1746 0                 
1747 0                 
1748 0                 
1749 0                 
1750 0                 
1751 0                 
1752 0                 
1753 0                 
1754 0                 
1755 0                 
1756 0                 
1757 0                 
1758 0                 
1759 0                 
1760 0                 
1761 0                 
1762 0                 
1763 0                 
1764 0                 
1765 0                 
1766 0                 
1767 0                 
1768 0                 
1769 0                 
1770 4581.372199243677 
1771 4581.372199243677 
1772 4581.372199243677 
1773 4581.372199243677 
1774 4581.372199243677 
1775 4581.372199243677 
1776 4581.372199243677 
1777 4581.372199243677 
1778 4581.372199243677 
1779 4581.372199243677 
1780 4581.372199243677 
1781 4581.372199243677 
1782 4581.372199243677 
1783 4581.372199243677 
1784 4581.372199243677 
1785 4581.372199243677 
1786 4581.372199243677 
1787 4581.372199243677 
1788 4581.372199243677 
1789 4581.372199243677 
1790 4581.372199243677 
1791 4581.372199243677 
1792 4581.372199243677 
1793 0                 
1794 0                 
1795 0                 
1796 0                 
1797 0                 
1798 0                 
1799 0                 
1800 0                 
1801 0                 
1802 0                 
1803 0                 
1804 0                 
1805 0                 
1806 0                 
1807 0                 
1808 0                 
1809 0                 
1810 0                 
1811 0                 
1812 0                 
1813 0                 
1814 0                 
1815 0                 
1816 0                 
1817 0                 
1818 0                 
1819 0                 
1820 0                 
1821 0                 
1822 0                 
1823 0                 
1824 4581.372199243677 
1825 4581.372199243677 
1826 4581.372199243677 
1827 4581.372199243677 
1828 4581.372199243677 
1829 4581.372199243677 
1830 4581.372199243677 
1831 4581.372199243677 
1832 4581.372199243677 
1833 4581.372199243677 
1834 4581.372199243677 
1835 4581.372199243677 
1836 4581.372199243677 
1837 4581.372199243677 
1838 4581.372199243677 
1839 4581.372199243677 
1840 4581.372199243677 
1841 4581.372199243677 
1842 4581.372199243677 
1843 4581.372199243677 
1844 4581.372199243677 
1845 4581.372199243677 
1846 4581.372199243677 
1847 0                 
1848 0                 
1849 0                 
1850 0                 
1851 0                 
1852 0                 
1853 0                 
1854 0                 
1855 0                 
1856 0                 
1857 0                 
1858 0                 
1859 0                 
1860 0                 
1861 0                 
1862 0                 
1863 0                 
1864 0                 
1865 0                 
1866 0                 
1867 0                 
1868 0                 
1869 0                 
1870 0                 
1871 0                 
1872 0                 
1873 0                 
1874 0                 
1875 0                 
1876 0                 
1877 0                 
1878 4581.372199243677 
1879 4581.372199243677 
1880 4581.372199243677 
1881 4581.372199243677 
1882 4581.372199243677 
1883 4581.372199243677 
1884 4581.372199243677 
1885 4581.372199243677 
1886 4581.372199243677 
1887 4581.372199243677 
1888 4581.372199243677 
1889 4581.372199243677 
1890 4581.372199243677 
1891 4581.372199243677 
1892 4581.372199243677 
1893 4581.372199243677 
1894 4581.372199243677 
1895 4581.372199243677 
1896 4581.372199243677 
1897 4581.372199243677 
1898 4581.372199243677 
1899 4581.372199243677 
1900 4581.372199243677 
1901 0                 
1902 0                 
1903 0                 
1904 0                 
1905 0                 
1906 0                 
1907 0                 
1908 0                 
1909 0                 
1910 0                 
1911 0                 
1912 0                 
1913 0                 
1914 0                 
1915 0                 
1916 0                 
1917 0                 
1918 0                 
1919 0                 
1920 0                 
1921 0                 
1922 0                 
1923 0                 
1924 0                 
1925 0                 
1926 0                 
1927 0                 
1928 0                 
1929 0                 
1930 0                 
1931 0                 
1932 4581.372199243676 
1933 4581.372199243676 
1934 4581.372199243676 
1935 4581.372199243676 
1936 4581.372199243676 
1937 4581.372199243676 
1938 4581.372199243676 
1939 4581.372199243676 
1940 4581.372199243676 
1941 4581.372199243676 
1942 4581.372199243676 
1943 4581.372199243676 
1944 4581.372199243676 
1945 4581.372199243676 
1946 4581.372199243676 
1947 4581.372199243676 
1948 4581.372199243676 
1949 4581.372199243676 
1950 4581.372199243676 
1951 4581.372199243676 
1952 4581.372199243676 
1953 4581.372199243676 
1954 4581.372199243676 
1955 0                 
1956 0                 
1957 0                 
1958 0                 
1959 0                 
1960 0                 
1961 0                 
1962 0                 
1963 0                 
1964 0                 
1965 0                 
1966 0                 
1967 0                 
1968 0                 
1969 0                 
1970 0                 
1971 0                 
1972 0                 
1973 0                 
1974 0                 
1975 0                 
1976 0                 
1977 0                 
1978 0                 
1979 0                 
1980 0                 
1981 0                 
1982 0                 
1983 0                 
1984 0                 
1985 0                 
1986 4581.372199243677 
1987 4581.372199243677 
1988 4581.372199243677 
1989 4581.372199243677 
1990 4581.372199243677 
1991 4581.372199243677 
1992 4581.372199243677 
1993 4581.372199243677 
1994 4581.372199243677 
1995 4581.372199243677 
1996 4581.372199243677 
1997 4581.372199243677 
1998 4581.372199243677 
1999 4581.372199243677 
2000 4581.372199243677 
2001 4581.372199243677 
2002 4581.372199243677 
2003 4581.372199243677 
2004 4581.372199243677 
2005 4581.372199243677 
2006 4581.372199243677 
2007 4581.372199243677 
2008 4581.372199243677 
2009 0                 
2010 0                 
2011 0                 
2012 0                 
2013 0                 
2014 0                 
2015 0                 
2016 0                 
2017 0                 
2018 0                 
2019 0                 
2020 0                 
2021 0                 
2022 0                 
2023 0                 
2024 0                 
2025 0                 
2026 0                 
2027 0                 
2028 0                 
2029 0                 
2030 0                 
2031 0                 
2032 0                 
2033 0                 
2034 0                 
2035 0                 
2036 0                 
2037 0                 
2038 0                 
2039 0                 
2040 4581.372199243677 
2041 4581.372199243677 
2042 4581.372199243677 
2043 4581.372199243677 
2044 4581.372199243677 
2045 4581.372199243677 
2046 4581.372199243677 
2047 4581.372199243677 
2048 4581.372199243677 
2049 4581.372199243677 
2050 4581.372199243677 
2051 4581.372199243677 
2052 4581.372199243677 
2053 4581.372199243677 
2054 4581.372199243677 
2055 4581.372199243677 
2056 4581.372199243677 
2057 4581.372199243677 
2058 4581.372199243677 
2059 4581.372199243677 
2060 4581.372199243677 
2061 4581.372199243677 
2062 4581.372199243677 
2063 0                 
2064 0                 
2065 0                 
2066 0                 
2067 0                 
2068 0                 
2069 0                 
2070 0                 
2071 0                 
2072 0                 
2073 0                 
2074 0                 
2075 0                 
2076 0                 
2077 0                 
2078 0                 
2079 0                 
2080 0                 
2081 0                 
2082 0                 
2083 0                 
2084 0                 
2085 0                 
2086 0                 
2087 0                 
2088 0                 
2089 0                 
2090 0                 
2091 0                 
2092 0                 
2093 0                 
2094 4581.372199243677 
2095 4581.372199243677 
2096 4581.372199243677 
2097 4581.372199243677 
2098 4581.372199243677 
2099 4581.372199243677 
2100 4581.372199243677 
2101 4581.372199243677 
2102 4581.372199243677 
2103 4581.372199243677 
2104 4581.372199243677 
2105 4581.372199243677 
2106 4581.372199243677 
2107 4581.372199243677 
2108 4581.372199243677 
2109 4581.372199243677 
2110 4581.372199243677 
2111 4581.372199243677 
2112 4581.372199243677 
2113 4581.372199243677 
2114 4581.372199243677 
2115 4581.372199243677 
2116 4581.372199243677 
2117 0                 
2118 0                 
2119 0                 
2120 0                 
2121 0                 
2122 0                 
2123 0                 
2124 0                 
2125 0                 
2126 0                 
2127 0                 
2128 0                 
2129 0                 
2130 0                 
2131 0                 
2132 0                 
2133 0                 
2134 0                 
2135 0                 
2136 0                 
2137 0                 
2138 0                 
2139 0                 
2140 0                 
2141 0                 
2142 0                 
2143 0                 
2144 0                 
2145 0                 
2146 0                 
2147 0                 
2148 4581.372199243676 
2149 4581.372199243676 
2150 4581.372199243676 
2151 4581.372199243676 
2152 4581.372199243676 
2153 4581.372199243676 
2154 4581.372199243676 
2155 4581.372199243676 
2156 4581.372199243676 
2157 4581.372199243676 
2158 4581.372199243676 
2159 4581.372199243676 
2160 4581.372199243676 
2161 4581.372199243676 
2162 4581.372199243676 
2163 4581.372199243676 
2164 4581.372199243676 
2165 4581.372199243676 
2166 4581.372199243676 
2167 4581.372199243676 
2168 4581.372199243676 
2169 4581.372199243676 
2170 4581.372199243676 
2171 0                 
2172 0                 
2173 0                 
2174 0                 
2175 0                 
2176 0                 
2177 0                 
2178 0                 
2179 0                 
2180 0                 
2181 0                 
2182 0                 
2183 0                 
2184 0                 
2185 0                 
2186 0                 
2187 0                 
2188 0                 
2189 0                 
2190 0                 
2191 0                 
2192 0                 
2193 0                 
2194 0                 
2195 0                 
2196 0                 
2197 0                 
2198 0                 
2199 0                 
2200 0                 
2201 0                 
2202 4581.372199243677 
2203 4581.372199243677 
2204 4581.372199243677 
2205 4581.372199243677 
2206 4581.372199243677 
2207 4581.372199243677 
2208 4581.372199243677 
2209 4581.372199243677 
2210 4581.372199243677 
2211 4581.372199243677 
2212 4581.372199243677 
2213 4581.372199243677 
2214 4581.372199243677 
2215 4581.372199243677 
2216 4581.372199243677 
2217 4581.372199243677 
2218 4581.372199243677 
2219 4581.372199243677 
2220 4581.372199243677 
2221 4581.372199243677 
2222 4581.372199243677 
2223 4581.372199243677 
2224 4581.372199243677 
2225 0                 
2226 0                 
2227 0                 
2228 0                 
2229 0                 
2230 0                 
2231 0                 
2232 0                 
2233 0                 
2234 0                 
2235 0                 
2236 0                 
2237 0                 
2238 0                 
2239 0                 
2240 0                 
2241 0                 
2242 0                 
2243 0                 
2244 0                 
2245 0                 
2246 0                 
2247 0                 
2248 0                 
2249 0                 
2250 0                 
2251 0                 
2252 0                 
2253 0                 
2254 0                 
2255 0                 
2256 4581.372199243677 
2257 4581.372199243677 
2258 4581.372199243677 
2259 4581.372199243677 
2260 4581.372199243677 
2261 4581.372199243677 
2262 4581.372199243677 
2263 4581.372199243677 
2264 4581.372199243677 
2265 4581.372199243677 
2266 4581.372199243677 
2267 4581.372199243677 
2268 4581.372199243677 
2269 4581.372199243677 
2270 4581.372199243677 
2271 4581.372199243677 
2272 4581.372199243677 
2273 4581.372199243677 
2274 4581.372199243677 
2275 4581.372199243677 
2276 4581.372199243677 
2277 4581.372199243677 
2278 4581.372199243677 
2279 0                 
2280 0                 
2281 0                 
2282 0                 
2283 0                 
2284 0                 
2285 0                 
2286 0                 
2287 0                 
2288 0                 
2289 0                 
2290 0                 
2291 0                 
2292 0                 
2293 0                 
2294 0                 
2295 0                 
2296 0                 
2297 0                 
2298 0                 
2299 0                 
2300 0                 
2301 0                 
2302 0                 
2303 0                 
2304 0                 
2305 0                 
2306 0                 
2307 0                 
2308 0                 
2309 0                 
2310 4581.372199243677 
2311 4581.372199243677 
2312 4581.372199243677 
2313 4581.372199243677 
2314 4581.372199243677 
2315 4581.372199243677 
2316 4581.372199243677 
2317 4581.372199243677 
2318 4581.372199243677 
2319 4581.372199243677 
2320 4581.372199243677 
2321 4581.372199243677 
2322 4581.372199243677 
2323 4581.372199243677 
2324 4581.372199243677 
2325 4581.372199243677 
2326 4581.372199243677 
2327 4581.372199243677 
2328 4581.372199243677 
2329 4581.372199243677 
2330 4581.372199243677 
2331 4581.372199243677 
2332 4581.372199243677 
2333 0                 
2334 0                 
2335 0                 
2336 0                 
2337 0                 
2338 0                 
2339 0                 
2340 0                 
2341 0                 
2342 0                 
2343 0                 
2344 0                 
2345 0                 
2346 0                 
2347 0                 
2348 0                 
2349 0                 
2350 0                 
2351 0                 
2352 0                 
2353 0                 
2354 0                 
2355 0                 
2356 0                 
2357 0                 
2358 0                 
2359 0                 
2360 0                 
2361 0                 
2362 0                 
2363 0                 
2364 4581.372199243677 
2365 4581.372199243677 
2366 4581.372199243677 
2367 4581.372199243677 
2368 4581.372199243677 
2369 4581.372199243677 
2370 4581.372199243677 
2371 4581.372199243677 
2372 4581.372199243677 
2373 4581.372199243677 
2374 4581.372199243677 
2375 4581.372199243677 
2376 4581.372199243677 
2377 4581.372199243677 
2378 4581.372199243677 
2379 4581.372199243677 
2380 4581.372199243677 
2381 4581.372199243677 
2382 4581.372199243677 
2383 4581.372199243677 
2384 4581.372199243677 
2385 4581.372199243677 
2386 4581.372199243677 
2387 0                 
2388 0                 
2389 0                 
2390 0                 
2391 0                 
2392 0                 
2393 0                 
2394 0                 
2395 0                 
2396 0                 
2397 0                 
2398 0                 
2399 0                 
2400 0                 
2401 0                 
2402 0                 
2403 0                 
2404 0                 
2405 0                 
2406 0                 
2407 0                 
2408 0                 
2409 0                 
2410 0                 
2411 0                 
2412 0                 
2413 0                 
2414 0                 
2415 0                 
2416 0                 
2417 0                 
2418 4581.372199243678 
2419 4581.372199243678 
2420 4581.372199243678 
2421 4581.372199243678 
2422 4581.372199243678 
2423 4581.372199243678 
2424 4581.372199243678 
2425 4581.372199243678 
2426 4581.372199243678 
2427 4581.372199243678 
2428 4581.372199243678 
2429 4581.372199243678 
2430 4581.372199243678 
2431 4581.372199243678 
2432 4581.372199243678 
2433 4581.372199243678 
2434 4581.372199243678 
2435 4581.372199243678 
2436 4581.372199243678 
2437 4581.372199243678 
2438 4581.372199243678 
2439 4581.372199243678 
2440 4581.372199243678 
2441 0                 
2442 0                 
2443 0                 
2444 0                 
2445 0                 
2446 0                 
2447 0                 
2448 0                 
2449 0                 
2450 0                 
2451 0                 
2452 0                 
2453 0                 
2454 0                 
2455 0                 
2456 0                 
2457 0                 
2458 0                 
2459 0                 
2460 0                 
2461 0                 
2462 0                 
2463 0                 
2464 0                 
2465 0                 
2466 0                 
2467 0                 
2468 0                 
2469 0                 
2470 0                 
2471 0                 
2472 4581.372199243677 
2473 4581.372199243677 
2474 4581.372199243677 
2475 4581.372199243677 
2476 4581.372199243677 
2477 4581.372199243677 
2478 4581.372199243677 
2479 4581.372199243677 
2480 4581.372199243677 
2481 4581.372199243677 
2482 4581.372199243677 
2483 4581.372199243677 
2484 4581.372199243677 
2485 4581.372199243677 
2486 4581.372199243677 
2487 4581.372199243677 
2488 4581.372199243677 
2489 4581.372199243677 
2490 4581.372199243677 
2491 4581.372199243677 
2492 4581.372199243677 
2493 4581.372199243677 
2494 4581.372199243677 
2495 0                 
2496 0                 
2497 0                 
2498 0                 
2499 0                 
2500 0                 
2501 0                 
2502 0                 
2503 0                 
2504 0                 
2505 0                 
2506 0                 
2507 0                 
2508 0                 
2509 0                 
2510 0                 
2511 0                 
2512 0                 
2513 0                 
2514 0                 
2515 0                 
2516 0                 
2517 0                 
2518 0                 
2519 0                 
2520 0                 
2521 0                 
2522 0                 
2523 0                 
2524 0                 
2525 0                 
2526 4581.372199243677 
2527 4581.372199243677 
2528 4581.372199243677 
2529 4581.372199243677 
2530 4581.372199243677 
2531 4581.372199243677 
2532 4581.372199243677 
2533 4581.372199243677 
2534 4581.372199243677 
2535 4581.372199243677 
2536 4581.372199243677 
2537 4581.372199243677 
2538 4581.372199243677 
2539 4581.372199243677 
2540 4581.372199243677 
2541 4581.372199243677 
2542 4581.372199243677 
2543 4581.372199243677 
2544 4581.372199243677 
2545 4581.372199243677 
2546 4581.372199243677 
2547 4581.372199243677 
2548 4581.372199243677 
2549 0                 
2550 0                 
2551 0                 
2552 0                 
2553 0                 
2554 0                 
2555 0                 
2556 0                 
2557 0                 
2558 0                 
2559 0                 
2560 0                 
2561 0                 
2562 0                 
2563 0                 
2564 0                 
2565 0                 
2566 0                 
2567 0                 
2568 0                 
2569 0                 
2570 0                 
2571 0                 
2572 0                 
2573 0                 
2574 0                 
2575 0                 
2576 0                 
2577 0                 
2578 0                 
2579 0                 
2580 4581.372199243677 
2581 4581.372199243677 
2582 4581.372199243677 
2583 4581.372199243677 
2584 4581.372199243677 
2585 4581.372199243677 
2586 4581.372199243677 
2587 4581.372199243677 
2588 4581.372199243677 
2589 4581.372199243677 
2590 4581.372199243677 
2591 4581.372199243677 
2592 4581.372199243677 
2593 4581.372199243677 
2594 4581.372199243677 
2595 4581.372199243677 
2596 4581.372199243677 
2597 4581.372199243677 
2598 4581.372199243677 
2599 4581.372199243677 
2600 4581.372199243677 
2601 4581.372199243677 
2602 4581.372199243677 
2603 0                 
2604 0                 
2605 0                 
2606 0                 
2607 0                 
2608 0                 
2609 0                 
2610 0                 
2611 0                 
2612 0                 
2613 0                 
2614 0                 
2615 0                 
2616 0                 
2617 0                 
2618 0                 
2619 0                 
2620 0                 
2621 0                 
2622 0                 
2623 0                 
2624 0                 
2625 0                 
2626 0                 
2627 0                 
2628 0                 
2629 0                 
2630 0                 
2631 0                 
2632 0                 
2633 0                 
2634 4581.372199243676 
2635 4581.372199243676 
2636 4581.372199243676 
2637 4581.372199243676 
2638 4581.372199243676 
2639 4581.372199243676 
2640 4581.372199243676 
2641 4581.372199243676 
2642 4581.372199243676 
2643 4581.372199243676 
2644 4581.372199243676 
2645 4581.372199243676 
2646 4581.372199243676 
2647 4581.372199243676 
2648 4581.372199243676 
2649 4581.372199243676 
2650 4581.372199243676 
2651 4581.372199243676 
2652 4581.372199243676 
2653 4581.372199243676 
2654 4581.372199243676 
2655 4581.372199243676 
2656 4581.372199243676 
2657 0                 
2658 0                 
2659 0                 
2660 0                 
2661 0                 
2662 0                 
2663 0                 
2664 0                 
2665 0                 
2666 0                 
2667 0                 
2668 0                 
2669 0                 
2670 0                 
2671 0                 
2672 0                 
2673 0                 
2674 0                 
2675 0                 
2676 0                 
2677 0                 
2678 0                 
2679 0                 
2680 0                 
2681 0                 
2682 0                 
2683 0                 
2684 0                 
2685 0                 
2686 0                 
2687 0                 
2688 4581.372199243678 
2689 4581.372199243678 
2690 4581.372199243678 
2691 4581.372199243678 
2692 4581.372199243678 
2693 4581.372199243678 
2694 4581.372199243678 
2695 4581.372199243678 
2696 4581.372199243678 
2697 4581.372199243678 
2698 4581.372199243678 
2699 4581.372199243678 
2700 4581.372199243678 
2701 4581.372199243678 
2702 4581.372199243678 
2703 4581.372199243678 
2704 4581.372199243678 
2705 4581.372199243678 
2706 4581.372199243678 
2707 4581.372199243678 
2708 4581.372199243678 
2709 4581.372199243678 
2710 4581.372199243678 
2711 0                 
2712 0                 
2713 0                 
2714 0                 
2715 0                 
2716 0                 
2717 0                 
2718 0                 
2719 0                 
2720 0                 
2721 0                 
2722 0                 
2723 0                 
2724 0                 
2725 0                 
2726 0                 
2727 0                 
2728 0                 
2729 0                 
2730 0                 
2731 0                 
2732 0                 
2733 0                 
2734 0                 
2735 0                 
2736 0                 
2737 0                 
2738 0                 
2739 0                 
2740 0                 
2741 0                 
2742 4581.372199243677 
2743 4581.372199243677 
2744 4581.372199243677 
2745 4581.372199243677 
2746 4581.372199243677 
2747 4581.372199243677 
2748 4581.372199243677 
2749 4581.372199243677 
2750 4581.372199243677 
2751 4581.372199243677 
2752 4581.372199243677 
2753 4581.372199243677 
2754 4581.372199243677 
2755 4581.372199243677 
2756 4581.372199243677 
2757 4581.372199243677 
2758 4581.372199243677 
2759 4581.372199243677 
2760 4581.372199243677 
2761 4581.372199243677 
2762 4581.372199243677 
2763 4581.372199243677 
2764 4581.372199243677 
2765 0                 
2766 0                 
2767 0                 
2768 0                 
2769 0                 
2770 0                 
2771 0                 
2772 0                 
2773 0                 
2774 0                 
2775 0                 
2776 0                 
2777 0                 
2778 0                 
2779 0                 
2780 0                 
2781 0                 
2782 0                 
2783 0                 
2784 0                 
2785 0                 
2786 0                 
2787 0                 
2788 0                 
2789 0                 
2790 0                 
2791 0                 
2792 0                 
2793 0                 
2794 0                 
2795 0                 
2796 4581.372199243677 
2797 4581.372199243677 
2798 4581.372199243677 
2799 4581.372199243677 
2800 4581.372199243677 
2801 4581.372199243677 
2802 4581.372199243677 
2803 4581.372199243677 
2804 4581.372199243677 
2805 4581.372199243677 
2806 4581.372199243677 
2807 4581.372199243677 
2808 4581.372199243677 
2809 4581.372199243677 
2810 4581.372199243677 
2811 4581.372199243677 
2812 4581.372199243677 
2813 4581.372199243677 
2814 4581.372199243677 
2815 4581.372199243677 
2816 4581.372199243677 
2817 4581.372199243677 
2818 4581.372199243677 
2819 0                 
2820 0                 
2821 0                 
2822 0                 
2823 0                 
2824 0                 
2825 0                 
2826 0                 
2827 0                 
2828 0                 
2829 0                 
2830 0                 
2831 0                 
2832 0                 
2833 0                 
2834 0                 
2835 0                 
2836 0                 
2837 0                 
2838 0                 
2839 0                 
2840 0                 
2841 0                 
2842 0                 
2843 0                 
2844 0                 
2845 0                 
2846 0                 
2847 0                 
2848 0                 
2849 0                 
2850 4581.372199243677 
2851 4581.372199243677 
2852 4581.372199243677 
2853 4581.372199243677 
2854 4581.372199243677 
2855 4581.372199243677 
2856 4581.372199243677 
2857 4581.372199243677 
2858 4581.372199243677 
2859 4581.372199243677 
2860 4581.372199243677 
2861 4581.372199243677 
2862 4581.372199243677 
2863 4581.372199243677 
2864 4581.372199243677 
2865 4581.372199243677 
2866 4581.372199243677 
2867 4581.372199243677 
2868 4581.372199243677 
2869 4581.372199243677 
2870 4581.372199243677 
2871 4581.372199243677 
2872 4581.372199243677 
2873 0                 
2874 0                 
2875 0                 
2876 0                 
2877 0                 
2878 0                 
2879 0                 
2880 0                 
2881 0                 
2882 0                 
2883 0                 
2884 0                 
2885 0                 
2886 0                 
2887 0                 
2888 0                 
2889 0                 
2890 0                 
2891 0                 
2892 0                 
2893 0                 
2894 0                 
2895 0                 
2896 0                 
2897 0                 
2898 0                 
2899 0                 
2900 0                 
2901 0                 
2902 0                 
2903 0                 
2904 4581.372199243677 
2905 4581.372199243677 
2906 4581.372199243677 
2907 4581.372199243677 
2908 4581.372199243677 
2909 4581.372199243677 
2910 4581.372199243677 
2911 4581.372199243677 
2912 4581.372199243677 
2913 4581.372199243677 
2914 4581.372199243677 
2915 4581.372199243677 
2916 4581.372199243677 
2917 4581.372199243677 
2918 4581.372199243677 
2919 4581.372199243677 
2920 4581.372199243677 
2921 4581.372199243677 
2922 4581.372199243677 
2923 4581.372199243677 
2924 4581.372199243677 
2925 4581.372199243677 
2926 4581.372199243677 
2927 0                 
2928 0                 
2929 0                 
2930 0                 
2931 0                 
2932 0                 
2933 0                 
2934 0                 
2935 0                 
2936 0                 
2937 0                 
2938 0                 
2939 0                 
2940 0                 
2941 0                 
2942 0                 
2943 0                 
2944 0                 
2945 0                 
2946 0                 
2947 0                 
2948 0                 
2949 0                 
2950 0                 
2951 0                 
2952 0                 
2953 0                 
2954 0                 
2955 0                 
2956 0                 
2957 0                 
2958 4581.372199243677 
2959 4581.372199243677 
2960 4581.372199243677 
2961 4581.372199243677 
2962 4581.372199243677 
2963 4581.372199243677 
2964 4581.372199243677 
2965 4581.372199243677 
2966 4581.372199243677 
2967 4581.372199243677 
2968 4581.372199243677 
2969 4581.372199243677 
2970 4581.372199243677 
2971 4581.372199243677 
2972 4581.372199243677 
2973 4581.372199243677 
2974 4581.372199243677 
2975 4581.372199243677 
2976 4581.372199243677 
2977 4581.372199243677 
2978 4581.372199243677 
2979 4581.372199243677 
2980 4581.372199243677 
2981 0                 
2982 0                 
2983 0                 
2984 0                 
2985 0                 
2986 0                 
2987 0                 
2988 0                 
2989 0                 
2990 0                 
2991 0                 
2992 0                 
2993 0                 
2994 0                 
2995 0                 
2996 0                 
2997 0                 
2998 0                 
2999 0                 
3000 0                 
3001 0                 
3002 0                 
3003 0                 
3004 0                 
3005 0                 
3006 0                 
3007 0                 
3008 0                 
3009 0                 
3010 0                 
3011 0                 
3012 4581.372199243677 
3013 4581.372199243677 
3014 4581.372199243677 
3015 4581.372199243677 
3016 4581.372199243677 
3017 4581.372199243677 
3018 4581.372199243677 
3019 4581.372199243677 
3020 4581.372199243677 
3021 4581.372199243677 
3022 4581.372199243677 
3023 4581.372199243677 
3024 4581.372199243677 
3025 4581.372199243677 
3026 4581.372199243677 
3027 4581.372199243677 
3028 4581.372199243677 
3029 4581.372199243677 
3030 4581.372199243677 
3031 4581.372199243677 
3032 4581.372199243677 
3033 4581.372199243677 
3034 4581.372199243677 
3035 0                 
3036 0                 
3037 0                 
3038 0                 
3039 0                 
3040 0                 
3041 0                 
3042 0                 
3043 0                 
3044 0                 
3045 0                 
3046 0                 
3047 0                 
3048 0                 
3049 0                 
3050 0                 
3051 0                 
3052 0                 
3053 0                 
3054 0                 
3055 0                 
3056 0                 
3057 0                 
3058 0                 
3059 0                 
3060 0                 
3061 0                 
3062 0                 
3063 0                 
3064 0                 
3065 0                 
3066 4581.372199243677 
3067 4581.372199243677 
3068 4581.372199243677 
3069 4581.372199243677 
3070 4581.372199243677 
3071 4581.372199243677 
3072 4581.372199243677 
3073 4581.372199243677 
3074 4581.372199243677 
3075 4581.372199243677 
3076 4581.372199243677 
3077 4581.372199243677 
3078 4581.372199243677 
3079 4581.372199243677 
3080 4581.372199243677 
3081 4581.372199243677 
3082 4581.372199243677 
3083 4581.372199243677 
3084 4581.372199243677 
3085 4581.372199243677 
3086 4581.372199243677 
3087 4581.372199243677 
3088 4581.372199243677 
3089 0                 
3090 0                 
3091 0                 
3092 0                 
3093 0                 
3094 0                 
3095 0                 
3096 0                 
3097 0                 
3098 0                 
3099 0                 
3100 0                 
3101 0                 
3102 0                 
3103 0                 
3104 0                 
3105 0                 
3106 0                 
3107 0                 
3108 0                 
3109 0                 
3110 0                 
3111 0                 
3112 0                 
3113 0                 
3114 0                 
3115 0                 
3116 0                 
3117 0                 
3118 0                 
3119 0                 
3120 4581.372199243677 
3121 4581.372199243677 
3122 4581.372199243677 
3123 4581.372199243677 
3124 4581.372199243677 
3125 4581.372199243677 
3126 4581.372199243677 
3127 4581.372199243677 
3128 4581.372199243677 
3129 4581.372199243677 
3130 4581.372199243677 
3131 4581.372199243677 
3132 4581.372199243677 
3133 4581.372199243677 
3134 4581.372199243677 
3135 4581.372199243677 
3136 4581.372199243677 
3137 4581.372199243677 
3138 4581.372199243677 
3139 4581.372199243677 
3140 4581.372199243677 
3141 4581.372199243677 
3142 4581.372199243677 
3143 0                 
3144 0                 
3145 0                 
3146 0                 
3147 0                 
3148 0                 
3149 0                 
3150 0                 
3151 0                 
3152 0                 
3153 0                 
3154 0                 
3155 0                 
3156 0                 
3157 0                 
3158 0                 
3159 0                 
3160 0                 
3161 0                 
3162 0                 
3163 0                 
3164 0                 
3165 0                 
3166 0                 
3167 0                 
3168 0                 
3169 0                 
3170 0                 
3171 0                 
3172 0                 
3173 0                 
3174 4581.372199243677 
3175 4581.372199243677 
3176 4581.372199243677 
3177 4581.372199243677 
3178 4581.372199243677 
3179 4581.372199243677 
3180 4581.372199243677 
3181 4581.372199243677 
3182 4581.372199243677 
3183 4581.372199243677 
3184 4581.372199243677 
3185 4581.372199243677 
3186 4581.372199243677 
3187 4581.372199243677 
3188 4581.372199243677 
3189 4581.372199243677 
3190 4581.372199243677 
3191 4581.372199243677 
3192 4581.372199243677 
3193 4581.372199243677 
3194 4581.372199243677 
3195 4581.372199243677 
3196 4581.372199243677 
3197 0                 
3198 0                 
3199 0                 
3200 0                 
3201 0                 
3202 0                 
3203 0                 
3204 0                 
3205 0                 
3206 0                 
3207 0                 
3208 0                 
3209 0                 
3210 0                 
3211 0                 
3212 0                 
3213 0                 
3214 0                 
3215 0                 
3216 0                 
3217 0                 
3218 0                 
3219 0                 
3220 0                 
3221 0                 
3222 0                 
3223 0                 
3224 0                 
3225 0                 
3226 0                 
3227 0                 
3228 4581.372199243677 
3229 4581.372199243677 
3230 4581.372199243677 
3231 4581.372199243677 
3232 4581.372199243677 
3233 4581.372199243677 
3234 4581.372199243677 
3235 4581.372199243677 
3236 4581.372199243677 
3237 4581.372199243677 
3238 4581.372199243677 
3239 4581.372199243677 
3240 4581.372199243677 
3241 4581.372199243677 
3242 4581.372199243677 
3243 4581.372199243677 
3244 4581.372199243677 
3245 4581.372199243677 
3246 4581.372199243677 
3247 4581.372199243677 
3248 4581.372199243677 
3249 4581.372199243677 
3250 4581.372199243677 
3251 0                 
3252 0                 
3253 0                 
3254 0                 
3255 0                 
3256 0                 
3257 0                 
3258 0                 
3259 0                 
3260 0                 
3261 0                 
3262 0                 
3263 0                 
3264 0                 
3265 0                 
3266 0                 
3267 0                 
3268 0                 
3269 0                 
3270 0                 
3271 0                 
3272 0                 
3273 0                 
3274 0                 
3275 0                 
3276 0                 
3277 0                 
3278 0                 
3279 0                 
3280 0                 
3281 0                 
3282 4581.372199243677 
3283 4581.372199243677 
3284 4581.372199243677 
3285 4581.372199243677 
3286 4581.372199243677 
3287 4581.372199243677 
3288 4581.372199243677 
3289 4581.372199243677 
3290 4581.372199243677 
3291 4581.372199243677 
3292 4581.372199243677 
3293 4581.372199243677 
3294 4581.372199243677 
3295 4581.372199243677 
3296 4581.372199243677 
3297 4581.372199243677 
3298 4581.372199243677 
3299 4581.372199243677 
3300 4581.372199243677 
3301 4581.372199243677 
3302 4581.372199243677 
3303 4581.372199243677 
3304 4581.372199243677 
3305 0                 
3306 0                 
3307 0                 
3308 0                 
3309 0                 
3310 0                 
3311 0                 
3312 0                 
3313 0                 
3314 0                 
3315 0                 
3316 0                 
3317 0                 
3318 0                 
3319 0                 
3320 0                 
3321 0                 
3322 0                 
3323 0                 
3324 0                 
3325 0                 
3326 0                 
3327 0                 
3328 0                 
3329 0                 
3330 0                 
3331 0                 
3332 0                 
3333 0                 
3334 0                 
3335 0                 
3336 4581.372199243677 
3337 4581.372199243677 
3338 4581.372199243677 
3339 4581.372199243677 
3340 4581.372199243677 
3341 4581.372199243677 
3342 4581.372199243677 
3343 4581.372199243677 
3344 4581.372199243677 
3345 4581.372199243677 
3346 4581.372199243677 
3347 4581.372199243677 
3348 4581.372199243677 
3349 4581.372199243677 
3350 4581.372199243677 
3351 4581.372199243677 
3352 4581.372199243677 
3353 4581.372199243677 
3354 4581.372199243677 
3355 4581.372199243677 
3356 4581.372199243677 
3357 4581.372199243677 
3358 4581.372199243677 
3359 0                 
3360 0                 
3361 0                 
3362 0                 
3363 0                 
3364 0                 
3365 0                 
3366 0                 
3367 0                 
3368 0                 
3369 0                 
3370 0                 
3371 0                 
3372 0                 
3373 0                 
3374 0                 
3375 0                 
3376 0                 
3377 0                 
3378 0                 
3379 0                 
3380 0                 
3381 0                 
3382 0                 
3383 0                 
3384 0                 
3385 0                 
3386 0                 
3387 0                 
3388 0                 
3389 0                 
3390 4581.372199243677 
3391 4581.372199243677 
3392 4581.372199243677 
3393 4581.372199243677 
3394 4581.372199243677 
3395 4581.372199243677 
3396 4581.372199243677 
3397 4581.372199243677 
3398 4581.372199243677 
3399 4581.372199243677 
3400 4581.372199243677 
3401 4581.372199243677 
3402 4581.372199243677 
3403 4581.372199243677 
3404 4581.372199243677 
3405 4581.372199243677 
3406 4581.372199243677 
3407 4581.372199243677 
3408 4581.372199243677 
3409 4581.372199243677 
3410 4581.372199243677 
3411 4581.372199243677 
3412 4581.372199243677 
3413 0                 
3414 0                 
3415 0                 
3416 0                 
3417 0                 
3418 0                 
3419 0                 
3420 0                 
3421 0                 
3422 0                 
3423 0                 
3424 0                 
3425 0                 
3426 0                 
3427 0                 
3428 0                 
3429 0                 
3430 0                 
3431 0                 
3432 0                 
3433 0                 
3434 0                 
3435 0                 
3436 0                 
3437 0                 
3438 0                 
3439 0                 
3440 0                 
3441 0                 
3442 0                 
3443 0                 
3444 4581.372199243677 
3445 4581.372199243677 
3446 4581.372199243677 
3447 4581.372199243677 
3448 4581.372199243677 
3449 4581.372199243677 
3450 4581.372199243677 
3451 4581.372199243677 
3452 4581.372199243677 
3453 4581.372199243677 
3454 4581.372199243677 
3455 4581.372199243677 
3456 4581.372199243677 
3457 4581.372199243677 
3458 4581.372199243677 
3459 4581.372199243677 
3460 4581.372199243677 
3461 4581.372199243677 
3462 4581.372199243677 
3463 4581.372199243677 
3464 4581.372199243677 
3465 4581.372199243677 
3466 4581.372199243677 
3467 0                 
3468 0                 
3469 0                 
3470 0                 
3471 0                 
3472 0                 
3473 0                 
3474 0                 
3475 0                 
3476 0                 
3477 0                 
3478 0                 
3479 0                 
3480 0                 
3481 0                 
3482 0                 
3483 0                 
3484 0                 
3485 0                 
3486 0                 
3487 0                 
3488 0                 
3489 0                 
3490 0                 
3491 0                 
3492 0                 
3493 0                 
3494 0                 
3495 0                 
3496 0                 
3497 0                 
3498 4581.372199243677 
3499 4581.372199243677 
3500 4581.372199243677 
3501 4581.372199243677 
3502 4581.372199243677 
3503 4581.372199243677 
3504 4581.372199243677 
3505 4581.372199243677 
3506 4581.372199243677 
3507 4581.372199243677 
3508 4581.372199243677 
3509 4581.372199243677 
3510 4581.372199243677 
3511 4581.372199243677 
3512 4581.372199243677 
3513 4581.372199243677 
3514 4581.372199243677 
3515 4581.372199243677 
3516 4581.372199243677 
3517 4581.372199243677 
3518 4581.372199243677 
3519 4581.372199243677 
3520 4581.372199243677 
3521 0                 
3522 0                 
3523 0                 
3524 0                 
3525 0                 
3526 0                 
3527 0                 
3528 0                 
3529 0                 
3530 0                 
3531 0                 
3532 0                 
3533 0                 
3534 0                 
3535 0                 
3536 0                 
3537 0                 
3538 0                 
3539 0                 
3540 0                 
3541 0                 
3542 0                 
3543 0                 
3544 0                 
3545 0                 
3546 0                 
3547 0                 
3548 0                 
3549 0                 
3550 0                 
3551 0                 
3552 4581.372199243676 
3553 4581.372199243676 
3554 4581.372199243676 
3555 4581.372199243676 
3556 4581.372199243676 
3557 4581.372199243676 
3558 4581.372199243676 
3559 4581.372199243676 
3560 4581.372199243676 
3561 4581.372199243676 
3562 4581.372199243676 
3563 4581.372199243676 
3564 4581.372199243676 
3565 4581.372199243676 
3566 4581.372199243676 
3567 4581.372199243676 
3568 4581.372199243676 
3569 4581.372199243676 
3570 4581.372199243676 
3571 4581.372199243676 
3572 4581.372199243676 
3573 4581.372199243676 
3574 4581.372199243676 
3575 0                 
3576 0                 
3577 0                 
3578 0                 
3579 0                 
3580 0                 
3581 0                 
3582 0                 
3583 0                 
3584 0                 
3585 0                 
3586 0                 
3587 0                 
3588 0                 
3589 0                 
3590 0                 
3591 0                 
3592 0                 
3593 0                 
3594 0                 
3595 0                 
3596 0                 
3597 0                 
3598 0                 
3599 0                 
